-3 -3 0.561365
-3 -2.7 0.543794
-3 -2.4 0.520647
-3 -2.1 0.48642
-3 -1.8 0.486981
-3 -1.5 0.368635
-3 -1.2 0.443418
-3 -0.9 0.421284
-3 -0.6 0.267631
-3 -0.3 0.317288
-3 0 0.240688
-3 0.3 0.22489
-3 0.6 0.285736
-3 0.9 0.318715
-3 1.2 0.400989
-3 1.5 0.44357
-3 1.8 0.472699
-3 2.1 0.507932
-3 2.4 0.512726
-3 2.7 0.557618
-3 3 0.583259
-2.7 -3 0.548459
-2.7 -2.7 0.545903
-2.7 -2.4 0.494371
-2.7 -2.1 0.526124
-2.7 -1.8 0.415611
-2.7 -1.5 0.42257
-2.7 -1.2 0.410997
-2.7 -0.9 0.394927
-2.7 -0.6 0.295608
-2.7 -0.3 0.254463
-2.7 0 0.254691
-2.7 0.3 0.241765
-2.7 0.6 0.310853
-2.7 0.9 0.340469
-2.7 1.2 0.382228
-2.7 1.5 0.403206
-2.7 1.8 0.457038
-2.7 2.1 0.502718
-2.7 2.4 0.484908
-2.7 2.7 0.53409
-2.7 3 0.534195
-2.4 -3 0.579464
-2.4 -2.7 0.55296
-2.4 -2.4 0.516431
-2.4 -2.1 0.487833
-2.4 -1.8 0.452544
-2.4 -1.5 0.369383
-2.4 -1.2 0.443835
-2.4 -0.9 0.389671
-2.4 -0.6 0.35877
-2.4 -0.3 0.305567
-2.4 0 0.224845
-2.4 0.3 0.250946
-2.4 0.6 0.279649
-2.4 0.9 0.342635
-2.4 1.2 0.389238
-2.4 1.5 0.422812
-2.4 1.8 0.496394
-2.4 2.1 0.502329
-2.4 2.4 0.504967
-2.4 2.7 0.571797
-2.4 3 0.544916
-2.1 -3 0.569681
-2.1 -2.7 0.556074
-2.1 -2.4 0.517529
-2.1 -2.1 0.400552
-2.1 -1.8 0.45199
-2.1 -1.5 0.470867
-2.1 -1.2 0.442223
-2.1 -0.9 0.429761
-2.1 -0.6 0.357339
-2.1 -0.3 0.260844
-2.1 0 0.22081
-2.1 0.3 0.212724
-2.1 0.6 0.27614
-2.1 0.9 0.332677
-2.1 1.2 0.387507
-2.1 1.5 0.443605
-2.1 1.8 0.453438
-2.1 2.1 0.492438
-2.1 2.4 0.530881
-2.1 2.7 0.509512
-2.1 3 0.571333
-1.8 -3 0.591884
-1.8 -2.7 0.543229
-1.8 -2.4 0.546087
-1.8 -2.1 0.515502
-1.8 -1.8 0.523869
-1.8 -1.5 0.455325
-1.8 -1.2 0.344889
-1.8 -0.9 0.38769
-1.8 -0.6 0.351824
-1.8 -0.3 0.261541
-1.8 0 0.189116
-1.8 0.3 0.200797
-1.8 0.6 0.267004
-1.8 0.9 0.391729
-1.8 1.2 0.38662
-1.8 1.5 0.41199
-1.8 1.8 0.467568
-1.8 2.1 0.46497
-1.8 2.4 0.570494
-1.8 2.7 0.584324
-1.8 3 0.580921
-1.5 -3 0.582788
-1.5 -2.7 0.551699
-1.5 -2.4 0.562913
-1.5 -2.1 0.502187
-1.5 -1.8 0.447593
-1.5 -1.5 0.400676
-1.5 -1.2 0.421864
-1.5 -0.9 0.347908
-1.5 -0.6 0.209561
-1.5 -0.3 0.27819
-1.5 0 0.127526
-1.5 0.3 0.221913
-1.5 0.6 0.363985
-1.5 0.9 0.352632
-1.5 1.2 0.279239
-1.5 1.5 0.44041
-1.5 1.8 0.438461
-1.5 2.1 0.535735
-1.5 2.4 0.556048
-1.5 2.7 0.578238
-1.5 3 0.580488
-1.2 -3 0.582276
-1.2 -2.7 0.523742
-1.2 -2.4 0.529686
-1.2 -2.1 0.560081
-1.2 -1.8 0.505954
-1.2 -1.5 0.400506
-1.2 -1.2 0.402564
-1.2 -0.9 0.438375
-1.2 -0.6 0.334186
-1.2 -0.3 0.281337
-1.2 0 0.161001
-1.2 0.3 0.184334
-1.2 0.6 0.281995
-1.2 0.9 0.362038
-1.2 1.2 0.370262
-1.2 1.5 0.484486
-1.2 1.8 0.399491
-1.2 2.1 0.502484
-1.2 2.4 0.513809
-1.2 2.7 0.555764
-1.2 3 0.538769
-0.9 -3 0.552462
-0.9 -2.7 0.502812
-0.9 -2.4 0.531901
-0.9 -2.1 0.539843
-0.9 -1.8 0.504519
-0.9 -1.5 0.472928
-0.9 -1.2 0.381727
-0.9 -0.9 0.443324
-0.9 -0.6 0.343764
-0.9 -0.3 0.218189
-0.9 0 0.168932
-0.9 0.3 0.257742
-0.9 0.6 0.368526
-0.9 0.9 0.405504
-0.9 1.2 0.457247
-0.9 1.5 0.513297
-0.9 1.8 0.494841
-0.9 2.1 0.491327
-0.9 2.4 0.480656
-0.9 2.7 0.493799
-0.9 3 0.583283
-0.6 -3 0.60162
-0.6 -2.7 0.577012
-0.6 -2.4 0.525103
-0.6 -2.1 0.411331
-0.6 -1.8 0.505938
-0.6 -1.5 0.513579
-0.6 -1.2 0.497639
-0.6 -0.9 0.425799
-0.6 -0.6 0.348197
-0.6 -0.3 0.172918
-0.6 0 0.124503
-0.6 0.3 0.22344
-0.6 0.6 0.310612
-0.6 0.9 0.376123
-0.6 1.2 0.417576
-0.6 1.5 0.488737
-0.6 1.8 0.512785
-0.6 2.1 0.457709
-0.6 2.4 0.523595
-0.6 2.7 0.535083
-0.6 3 0.571625
-0.3 -3 0.586571
-0.3 -2.7 0.515503
-0.3 -2.4 0.550452
-0.3 -2.1 0.553654
-0.3 -1.8 0.502806
-0.3 -1.5 0.499191
-0.3 -1.2 0.468874
-0.3 -0.9 0.406129
-0.3 -0.6 0.358651
-0.3 -0.3 0.19203
-0.3 0 -0.0756997
-0.3 0.3 0.208551
-0.3 0.6 0.324016
-0.3 0.9 0.383759
-0.3 1.2 0.505916
-0.3 1.5 0.471492
-0.3 1.8 0.484837
-0.3 2.1 0.554479
-0.3 2.4 0.500403
-0.3 2.7 0.56225
-0.3 3 0.574641
0 -3 0.595517
0 -2.7 0.555947
0 -2.4 0.574267
0 -2.1 0.555201
0 -1.8 0.528426
0 -1.5 0.497188
0 -1.2 0.441667
0 -0.9 0.406181
0 -0.6 0.31039
0 -0.3 0.183395
0 0 0.129198
0 0.3 0.256804
0 0.6 0.438212
0 0.9 0.451678
0 1.2 0.42883
0 1.5 0.446012
0 1.8 0.480412
0 2.1 0.532818
0 2.4 0.557455
0 2.7 0.553356
0 3 0.603973
0.3 -3 0.559826
0.3 -2.7 0.569227
0.3 -2.4 0.532775
0.3 -2.1 0.549422
0.3 -1.8 0.507709
0.3 -1.5 0.501958
0.3 -1.2 0.474171
0.3 -0.9 0.402273
0.3 -0.6 0.366691
0.3 -0.3 0.288228
0.3 0 0.303146
0.3 0.3 0.207412
0.3 0.6 0.353732
0.3 0.9 0.454547
0.3 1.2 0.312616
0.3 1.5 0.498939
0.3 1.8 0.456675
0.3 2.1 0.545144
0.3 2.4 0.532047
0.3 2.7 0.56801
0.3 3 0.578491
0.6 -3 0.590441
0.6 -2.7 0.557128
0.6 -2.4 0.54123
0.6 -2.1 0.539913
0.6 -1.8 0.477241
0.6 -1.5 0.507504
0.6 -1.2 0.447804
0.6 -0.9 0.439625
0.6 -0.6 0.305755
0.6 -0.3 0.336824
0.6 0 0.319526
0.6 0.3 0.370148
0.6 0.6 0.34236
0.6 0.9 0.326111
0.6 1.2 0.457114
0.6 1.5 0.443177
0.6 1.8 0.514047
0.6 2.1 0.517058
0.6 2.4 0.501222
0.6 2.7 0.552338
0.6 3 0.577102
0.9 -3 0.599611
0.9 -2.7 0.578095
0.9 -2.4 0.538627
0.9 -2.1 0.541582
0.9 -1.8 0.502297
0.9 -1.5 0.49381
0.9 -1.2 0.454347
0.9 -0.9 0.408585
0.9 -0.6 0.292763
0.9 -0.3 0.342567
0.9 0 0.306423
0.9 0.3 0.432206
0.9 0.6 0.15806
0.9 0.9 0.403034
0.9 1.2 0.410093
0.9 1.5 0.493085
0.9 1.8 0.50433
0.9 2.1 0.461627
0.9 2.4 0.520588
0.9 2.7 0.544407
0.9 3 0.601409
1.2 -3 0.54484
1.2 -2.7 0.515165
1.2 -2.4 0.536833
1.2 -2.1 0.536068
1.2 -1.8 0.52999
1.2 -1.5 0.500399
1.2 -1.2 0.459949
1.2 -0.9 0.396101
1.2 -0.6 0.395118
1.2 -0.3 0.300373
1.2 0 0.161976
1.2 0.3 0.279078
1.2 0.6 0.333836
1.2 0.9 0.258746
1.2 1.2 0.419411
1.2 1.5 0.47564
1.2 1.8 0.518439
1.2 2.1 0.549787
1.2 2.4 0.513808
1.2 2.7 0.590106
1.2 3 0.58747
1.5 -3 0.557534
1.5 -2.7 0.574087
1.5 -2.4 0.532214
1.5 -2.1 0.517197
1.5 -1.8 0.527006
1.5 -1.5 0.431045
1.5 -1.2 0.390092
1.5 -0.9 0.332934
1.5 -0.6 0.289217
1.5 -0.3 0.177038
1.5 0 0.20433
1.5 0.3 0.219849
1.5 0.6 0.356267
1.5 0.9 0.335632
1.5 1.2 0.409283
1.5 1.5 0.513081
1.5 1.8 0.478208
1.5 2.1 0.50438
1.5 2.4 0.481875
1.5 2.7 0.522719
1.5 3 0.585185
1.8 -3 0.600893
1.8 -2.7 0.552404
1.8 -2.4 0.500611
1.8 -2.1 0.459079
1.8 -1.8 0.515757
1.8 -1.5 0.481353
1.8 -1.2 0.445656
1.8 -0.9 0.330987
1.8 -0.6 0.302792
1.8 -0.3 0.252551
1.8 0 0.265772
1.8 0.3 0.267342
1.8 0.6 0.0804136
1.8 0.9 0.363043
1.8 1.2 0.421474
1.8 1.5 0.417537
1.8 1.8 0.490069
1.8 2.1 0.502352
1.8 2.4 0.499443
1.8 2.7 0.556154
1.8 3 0.569697
2.1 -3 0.555894
2.1 -2.7 0.579151
2.1 -2.4 0.535144
2.1 -2.1 0.528699
2.1 -1.8 0.425737
2.1 -1.5 0.371471
2.1 -1.2 0.412358
2.1 -0.9 0.391467
2.1 -0.6 0.303554
2.1 -0.3 0.324491
2.1 0 0.226595
2.1 0.3 0.33567
2.1 0.6 0.30457
2.1 0.9 0.344264
2.1 1.2 0.402554
2.1 1.5 0.381321
2.1 1.8 0.46664
2.1 2.1 0.499399
2.1 2.4 0.537761
2.1 2.7 0.560856
2.1 3 0.581246
2.4 -3 0.583067
2.4 -2.7 0.562835
2.4 -2.4 0.465294
2.4 -2.1 0.496679
2.4 -1.8 0.519071
2.4 -1.5 0.435853
2.4 -1.2 0.417003
2.4 -0.9 0.278232
2.4 -0.6 0.32587
2.4 -0.3 0.368326
2.4 0 0.16138
2.4 0.3 0.255441
2.4 0.6 0.226498
2.4 0.9 0.388356
2.4 1.2 0.356536
2.4 1.5 0.43997
2.4 1.8 0.446176
2.4 2.1 0.511238
2.4 2.4 0.508403
2.4 2.7 0.548425
2.4 3 0.563316
2.7 -3 0.564315
2.7 -2.7 0.490201
2.7 -2.4 0.494838
2.7 -2.1 0.513091
2.7 -1.8 0.457553
2.7 -1.5 0.397723
2.7 -1.2 0.330923
2.7 -0.9 0.339181
2.7 -0.6 0.33638
2.7 -0.3 0.298622
2.7 0 0.316954
2.7 0.3 0.317939
2.7 0.6 0.352881
2.7 0.9 0.322434
2.7 1.2 0.377433
2.7 1.5 0.405103
2.7 1.8 0.474204
2.7 2.1 0.496788
2.7 2.4 0.551377
2.7 2.7 0.534436
2.7 3 0.556824
3 -3 0.558679
3 -2.7 0.538662
3 -2.4 0.528547
3 -2.1 0.488251
3 -1.8 0.441906
3 -1.5 0.425788
3 -1.2 0.370988
3 -0.9 0.344698
3 -0.6 0.30986
3 -0.3 0.266598
3 0 0.189445
3 0.3 0.242181
3 0.6 0.265518
3 0.9 0.306763
3 1.2 0.361208
3 1.5 0.42902
3 1.8 0.446679
3 2.1 0.493907
3 2.4 0.505959
3 2.7 0.540029
3 3 0.541455
