0 0.3 -3431.85
0 0.3 -1251.84
0 0.3 -553.476
0 0.3 -269.105
0 0.3 -141.924
0 0.3 -80.8568
0 0.3 -49.6053
0 0.3 -32.663
0 0.3 -23.0018
0 0.3 -17.2566
0 0.3 -13.7306
0 0.3 -11.5246
0 0.3 -10.1373
0 0.3 -9.27404
0 0.3 -8.75113
0 0.3 -8.44771
0 0.3 -8.28149
0 0.3 -8.19661
0 0.3 -8.15672
0 0.3 -8.14013
0 0.3 -8.13572
0 0.6 -16.3901
0 0.6 -16.2478
0 0.6 -15.9874
0 0.6 -15.5209
0 0.6 -14.7707
0 0.6 -13.7125
0 0.6 -12.4118
0 0.6 -11.0119
0 0.6 -9.67261
0 0.6 -8.50993
0 0.6 -7.57569
0 0.6 -6.87055
0 0.6 -6.36673
0 0.6 -6.02558
0 0.6 -5.80748
0 0.6 -5.67669
0 0.6 -5.60368
0 0.6 -5.56604
0 0.6 -5.54838
0 0.6 -5.54141
0 0.6 -5.54079
0 0.9 -8.11878
0 0.9 -8.08449
0 0.9 -8.02534
0 0.9 -7.91822
0 0.9 -7.73896
0 0.9 -7.46939
0 0.9 -7.10794
0 0.9 -6.6761
0 0.9 -6.21413
0 0.9 -5.76754
0 0.9 -5.37302
0 0.9 -5.0513
0 0.9 -4.80745
0 0.9 -4.6352
0 0.9 -4.52189
0 0.9 -4.4527
0 0.9 -4.41368
0 0.9 -4.39347
0 0.9 -4.38405
0 0.9 -4.38062
0 0.9 -4.38131
0 1.2 -5.53445
0 1.2 -5.51986
0 1.2 -5.49699
0 1.2 -5.45609
0 1.2 -5.38682
0 1.2 -5.2802
0 1.2 -5.13226
0 1.2 -4.94757
0 1.2 -4.73974
0 1.2 -4.52793
0 1.2 -4.3312
0 1.2 -4.1636
0 1.2 -4.03203
0 1.2 -3.93661
0 1.2 -3.87268
0 1.2 -3.83319
0 1.2 -3.81077
0 1.2 -3.79913
0 1.2 -3.79378
0 1.2 -3.7921
0 1.2 -3.79342
0 1.5 -4.37844
0 1.5 -4.37051
0 1.5 -4.3597
0 1.5 -4.34095
0 1.5 -4.30914
0 1.5 -4.25963
0 1.5 -4.18969
0 1.5 -4.10029
0 1.5 -3.9968
0 1.5 -3.88805
0 1.5 -3.78394
0 1.5 -3.69278
0 1.5 -3.61956
0 1.5 -3.56552
0 1.5 -3.52888
0 1.5 -3.50605
0 1.5 -3.49304
0 1.5 -3.48629
0 1.5 -3.48326
0 1.5 -3.48259
0 1.5 -3.48429
0 1.8 -3.79204
0 1.8 -3.78699
0 1.8 -3.78135
0 1.8 -3.77212
0 1.8 -3.75657
0 1.8 -3.73223
0 1.8 -3.6975
0 1.8 -3.65251
0 1.8 -3.59954
0 1.8 -3.54283
0 1.8 -3.4875
0 1.8 -3.4382
0 1.8 -3.39802
0 1.8 -3.36801
0 1.8 -3.3475
0 1.8 -3.33465
0 1.8 -3.32731
0 1.8 -3.32352
0 1.8 -3.3219
0 1.8 -3.32185
0 1.8 -3.32379
0 2.1 -3.48361
0 2.1 -3.47997
0 2.1 -3.47682
0 2.1 -3.47219
0 2.1 -3.46454
0 2.1 -3.45255
0 2.1 -3.43537
0 2.1 -3.41292
0 2.1 -3.38623
0 2.1 -3.35733
0 2.1 -3.32881
0 2.1 -3.30312
0 2.1 -3.28199
0 2.1 -3.26609
0 2.1 -3.25517
0 2.1 -3.2483
0 2.1 -3.24438
0 2.1 -3.24237
0 2.1 -3.24161
0 2.1 -3.24194
0 2.1 -3.24404
0 2.4 -3.32347
0 2.4 -3.32053
0 2.4 -3.31864
0 2.4 -3.31632
0 2.4 -3.31266
0 2.4 -3.30695
0 2.4 -3.29874
0 2.4 -3.28798
0 2.4 -3.27511
0 2.4 -3.26108
0 2.4 -3.24715
0 2.4 -3.23452
0 2.4 -3.22408
0 2.4 -3.21619
0 2.4 -3.21075
0 2.4 -3.20732
0 2.4 -3.20537
0 2.4 -3.2044
0 2.4 -3.20414
0 2.4 -3.20468
0 2.4 -3.20688
0 2.7 -3.2439
0 2.7 -3.24131
0 2.7 -3.24004
0 2.7 -3.23887
0 2.7 -3.23719
0 2.7 -3.23462
0 2.7 -3.23092
0 2.7 -3.22606
0 2.7 -3.22023
0 2.7 -3.21386
0 2.7 -3.20751
0 2.7 -3.20173
0 2.7 -3.19694
0 2.7 -3.19331
0 2.7 -3.19081
0 2.7 -3.18923
0 2.7 -3.18834
0 2.7 -3.18793
0 2.7 -3.18793
0 2.7 -3.18859
0 2.7 -3.19085
0 3 -3.20682
0 3 -3.2044
0 3 -3.20342
0 3 -3.2028
0 3 -3.20206
0 3 -3.20097
0 3 -3.19942
0 3 -3.19738
0 3 -3.19494
0 3 -3.19226
0 3 -3.18958
0 3 -3.18714
0 3 -3.18512
0 3 -3.18358
0 3 -3.18252
0 3 -3.18186
0 3 -3.18149
0 3 -3.18135
0 3 -3.18148
0 3 -3.18221
0 3 -3.18449
0.3 -3 -309014
0.3 -3 -112776
0.3 -3 -49911.3
0.3 -3 -24313.1
0.3 -3 -12864.6
0.3 -3 -7367.52
0.3 -3 -4554.35
0.3 -3 -3029.25
0.3 -3 -2159.58
0.3 -3 -1642.41
0.3 -3 -1325.01
0.3 -3 -1126.43
0.3 -3 -1001.55
0.3 -3 -923.839
0.3 -3 -876.769
0.3 -3 -849.455
0.3 -3 -834.493
0.3 -3 -826.852
0.3 -3 -823.262
0.3 -3 -821.768
0.3 -3 -821.371
0.3 -2.7 -2081.28
0.3 -2.7 -2024.34
0.3 -2.7 -1921.74
0.3 -2.7 -1754.26
0.3 -2.7 -1523.91
0.3 -2.7 -1261.42
0.3 -2.7 -1009.92
0.3 -2.7 -799.651
0.3 -2.7 -639.482
0.3 -2.7 -524.263
0.3 -2.7 -444.179
0.3 -2.7 -389.834
0.3 -2.7 -353.809
0.3 -2.7 -330.622
0.3 -2.7 -316.277
0.3 -2.7 -307.846
0.3 -2.7 -303.195
0.3 -2.7 -300.81
0.3 -2.7 -299.69
0.3 -2.7 -299.23
0.3 -2.7 -299.129
0.3 -2.4 -713.163
0.3 -2.4 -698.566
0.3 -2.4 -671.882
0.3 -2.4 -626.822
0.3 -2.4 -561.505
0.3 -2.4 -481.911
0.3 -2.4 -399.918
0.3 -2.4 -326.594
0.3 -2.4 -267.544
0.3 -2.4 -223.227
0.3 -2.4 -191.465
0.3 -2.4 -169.445
0.3 -2.4 -154.636
0.3 -2.4 -145.012
0.3 -2.4 -139.022
0.3 -2.4 -135.488
0.3 -2.4 -133.535
0.3 -2.4 -132.532
0.3 -2.4 -132.061
0.3 -2.4 -131.869
0.3 -2.4 -131.83
0.3 -2.1 -291.524
0.3 -2.1 -286.665
0.3 -2.1 -277.728
0.3 -2.1 -262.348
0.3 -2.1 -239.354
0.3 -2.1 -210.148
0.3 -2.1 -178.605
0.3 -2.1 -149.054
0.3 -2.1 -124.273
0.3 -2.1 -105.066
0.3 -2.1 -90.966
0.3 -2.1 -81.0218
0.3 -2.1 -74.2538
0.3 -2.1 -69.8209
0.3 -2.1 -67.0477
0.3 -2.1 -65.4068
0.3 -2.1 -64.4979
0.3 -2.1 -64.0311
0.3 -2.1 -63.8118
0.3 -2.1 -63.7227
0.3 -2.1 -63.7062
0.3 -1.8 -130.54
0.3 -1.8 -128.757
0.3 -1.8 -125.469
0.3 -1.8 -119.726
0.3 -1.8 -110.915
0.3 -1.8 -99.3177
0.3 -1.8 -86.2498
0.3 -1.8 -73.4628
0.3 -1.8 -62.3077
0.3 -1.8 -53.3758
0.3 -1.8 -46.6526
0.3 -1.8 -41.8237
0.3 -1.8 -38.4949
0.3 -1.8 -36.2957
0.3 -1.8 -34.9122
0.3 -1.8 -34.0909
0.3 -1.8 -33.635
0.3 -1.8 -33.4006
0.3 -1.8 -33.2906
0.3 -1.8 -33.2461
0.3 -1.8 -33.2387
0.3 -1.5 -63.2945
0.3 -1.5 -62.5868
0.3 -1.5 -61.283
0.3 -1.5 -58.9771
0.3 -1.5 -55.3608
0.3 -1.5 -50.447
0.3 -1.5 -44.6897
0.3 -1.5 -38.8159
0.3 -1.5 -33.4857
0.3 -1.5 -29.0715
0.3 -1.5 -25.6591
0.3 -1.5 -23.1589
0.3 -1.5 -21.4107
0.3 -1.5 -20.2446
0.3 -1.5 -19.5064
0.3 -1.5 -19.0664
0.3 -1.5 -18.8217
0.3 -1.5 -18.6957
0.3 -1.5 -18.6366
0.3 -1.5 -18.6129
0.3 -1.5 -18.6096
0.3 -1.2 -33.072
0.3 -1.2 -32.7696
0.3 -1.2 -32.2148
0.3 -1.2 -31.2238
0.3 -1.2 -29.6401
0.3 -1.2 -27.427
0.3 -1.2 -24.74
0.3 -1.2 -21.888
0.3 -1.2 -19.1974
0.3 -1.2 -16.8913
0.3 -1.2 -15.0578
0.3 -1.2 -13.6853
0.3 -1.2 -12.7106
0.3 -1.2 -12.0534
0.3 -1.2 -11.6344
0.3 -1.2 -11.3836
0.3 -1.2 -11.2437
0.3 -1.2 -11.1716
0.3 -1.2 -11.1378
0.3 -1.2 -11.1244
0.3 -1.2 -11.123
0.3 -0.9 -18.5351
0.3 -0.9 -18.3963
0.3 -0.9 -18.1438
0.3 -0.9 -17.6897
0.3 -0.9 -16.9522
0.3 -0.9 -15.8961
0.3 -0.9 -14.5722
0.3 -0.9 -13.1142
0.3 -0.9 -11.6862
0.3 -0.9 -10.4194
0.3 -0.9 -9.38257
0.3 -0.9 -8.5886
0.3 -0.9 -8.01519
0.3 -0.9 -7.62398
0.3 -0.9 -7.37261
0.3 -0.9 -7.2214
0.3 -0.9 -7.13684
0.3 -0.9 -7.09322
0.3 -0.9 -7.07276
0.3 -0.9 -7.06476
0.3 -0.9 -7.0643
0.3 -0.6 -11.0873
0.3 -0.6 -11.0192
0.3 -0.6 -10.897
0.3 -0.6 -10.676
0.3 -0.6 -10.3124
0.3 -0.6 -9.78065
0.3 -0.6 -9.09485
0.3 -0.6 -8.3138
0.3 -0.6 -7.52115
0.3 -0.6 -6.79384
0.3 -0.6 -6.18093
0.3 -0.6 -5.70037
0.3 -0.6 -5.34709
0.3 -0.6 -5.103
0.3 -0.6 -4.94482
0.3 -0.6 -4.84916
0.3 -0.6 -4.7955
0.3 -0.6 -4.76778
0.3 -0.6 -4.7548
0.3 -0.6 -4.74982
0.3 -0.6 -4.74987
0.3 -0.3 -7.04623
0.3 -0.3 -7.01058
0.3 -0.3 -6.94795
0.3 -0.3 -6.83449
0.3 -0.3 -6.64572
0.3 -0.3 -6.36471
0.3 -0.3 -5.99325
0.3 -0.3 -5.55725
0.3 -0.3 -5.10001
0.3 -0.3 -4.66674
0.3 -0.3 -4.29093
0.3 -0.3 -3.98918
0.3 -0.3 -3.76323
0.3 -0.3 -3.60503
0.3 -0.3 -3.50159
0.3 -0.3 -3.43868
0.3 -0.3 -3.40327
0.3 -0.3 -3.38496
0.3 -0.3 -3.3764
0.3 -0.3 -3.3732
0.3 -0.3 -3.37355
0.3 0 -4.74025
0.3 0 -4.72046
0.3 0 -4.68672
0.3 0 -4.62566
0.3 0 -4.52322
0.3 0 -4.36843
0.3 0 -4.15946
0.3 0 -3.90763
0.3 0 -3.63561
0.3 0 -3.37001
0.3 0 -3.13319
0.3 0 -2.93854
0.3 0 -2.79008
0.3 0 -2.68472
0.3 0 -2.6152
0.3 0 -2.57266
0.3 0 -2.54863
0.3 0 -2.53619
0.3 0 -2.5304
0.3 0 -2.52832
0.3 0 -2.52886
0.3 0.3 -3.36823
0.3 0.3 -3.3566
0.3 0.3 -3.33765
0.3 0.3 -3.30353
0.3 0.3 -3.24592
0.3 0.3 -3.15781
0.3 0.3 -3.03675
0.3 0.3 -2.88755
0.3 0.3 -2.72214
0.3 0.3 -2.55622
0.3 0.3 -2.40447
0.3 0.3 -2.27694
0.3 0.3 -2.17793
0.3 0.3 -2.10672
0.3 0.3 -2.0593
0.3 0.3 -2.03011
0.3 0.3 -2.01357
0.3 0.3 -2.005
0.3 0.3 -2.00103
0.3 0.3 -1.9997
0.3 0.3 -2.00038
0.3 0.6 -2.52583
0.3 0.6 -2.51864
0.3 0.6 -2.50764
0.3 0.6 -2.48804
0.3 0.6 -2.45483
0.3 0.6 -2.40355
0.3 0.6 -2.33208
0.3 0.6 -2.24233
0.3 0.6 -2.14063
0.3 0.6 -2.0362
0.3 0.6 -1.93849
0.3 0.6 -1.85471
0.3 0.6 -1.78858
0.3 0.6 -1.74043
0.3 0.6 -1.70807
0.3 0.6 -1.68805
0.3 0.6 -1.67667
0.3 0.6 -1.67076
0.3 0.6 -1.66805
0.3 0.6 -1.66724
0.3 0.6 -1.66804
0.3 0.9 -1.99863
0.3 0.9 -1.99394
0.3 0.9 -1.9874
0.3 0.9 -1.97598
0.3 0.9 -1.9566
0.3 0.9 -1.92647
0.3 0.9 -1.88399
0.3 0.9 -1.82986
0.3 0.9 -1.7674
0.3 0.9 -1.70201
0.3 0.9 -1.63964
0.3 0.9 -1.58522
0.3 0.9 -1.54163
0.3 0.9 -1.50954
0.3 0.9 -1.4878
0.3 0.9 -1.47428
0.3 0.9 -1.46657
0.3 0.9 -1.46258
0.3 0.9 -1.46077
0.3 0.9 -1.46034
0.3 0.9 -1.46124
0.3 1.2 -1.66703
0.3 1.2 -1.66381
0.3 1.2 -1.65986
0.3 1.2 -1.65319
0.3 1.2 -1.64191
0.3 1.2 -1.62428
0.3 1.2 -1.59923
0.3 1.2 -1.56693
0.3 1.2 -1.52915
0.3 1.2 -1.48897
0.3 1.2 -1.45006
0.3 1.2 -1.41561
0.3 1.2 -1.38769
0.3 1.2 -1.36693
0.3 1.2 -1.35279
0.3 1.2 -1.34395
0.3 1.2 -1.3389
0.3 1.2 -1.33628
0.3 1.2 -1.33514
0.3 1.2 -1.33499
0.3 1.2 -1.33597
0.3 1.5 -1.46067
0.3 1.5 -1.45832
0.3 1.5 -1.4559
0.3 1.5 -1.45205
0.3 1.5 -1.4456
0.3 1.5 -1.4355
0.3 1.5 -1.42105
0.3 1.5 -1.40227
0.3 1.5 -1.38008
0.3 1.5 -1.35621
0.3 1.5 -1.33281
0.3 1.5 -1.31188
0.3 1.5 -1.29475
0.3 1.5 -1.28192
0.3 1.5 -1.27313
0.3 1.5 -1.26762
0.3 1.5 -1.26447
0.3 1.5 -1.26285
0.3 1.5 -1.26218
0.3 1.5 -1.26223
0.3 1.5 -1.26329
0.3 1.8 -1.33567
0.3 1.8 -1.33383
0.3 1.8 -1.33232
0.3 1.8 -1.33015
0.3 1.8 -1.32658
0.3 1.8 -1.32099
0.3 1.8 -1.31298
0.3 1.8 -1.30249
0.3 1.8 -1.29002
0.3 1.8 -1.27649
0.3 1.8 -1.26312
0.3 1.8 -1.25107
0.3 1.8 -1.24114
0.3 1.8 -1.23366
0.3 1.8 -1.22852
0.3 1.8 -1.22529
0.3 1.8 -1.22345
0.3 1.8 -1.22251
0.3 1.8 -1.22216
0.3 1.8 -1.22235
0.3 1.8 -1.22347
0.3 2.1 -1.26314
0.3 2.1 -1.26161
0.3 2.1 -1.26063
0.3 2.1 -1.25944
0.3 2.1 -1.25755
0.3 2.1 -1.25461
0.3 2.1 -1.25039
0.3 2.1 -1.24485
0.3 2.1 -1.23823
0.3 2.1 -1.23101
0.3 2.1 -1.22384
0.3 2.1 -1.21734
0.3 2.1 -1.21196
0.3 2.1 -1.2079
0.3 2.1 -1.20509
0.3 2.1 -1.20333
0.3 2.1 -1.20233
0.3 2.1 -1.20183
0.3 2.1 -1.20169
0.3 2.1 -1.20198
0.3 2.1 -1.20313
0.3 2.4 -1.22347
0.3 2.4 -1.2221
0.3 2.4 -1.22142
0.3 2.4 -1.22077
0.3 2.4 -1.21982
0.3 2.4 -1.21837
0.3 2.4 -1.21629
0.3 2.4 -1.21355
0.3 2.4 -1.21026
0.3 2.4 -1.20667
0.3 2.4 -1.20309
0.3 2.4 -1.19984
0.3 2.4 -1.19714
0.3 2.4 -1.1951
0.3 2.4 -1.19369
0.3 2.4 -1.1928
0.3 2.4 -1.1923
0.3 2.4 -1.19206
0.3 2.4 -1.19206
0.3 2.4 -1.1924
0.3 2.4 -1.19358
0.3 2.7 -1.20336
0.3 2.7 -1.20208
0.3 2.7 -1.20155
0.3 2.7 -1.20119
0.3 2.7 -1.20074
0.3 2.7 -1.20007
0.3 2.7 -1.19911
0.3 2.7 -1.19786
0.3 2.7 -1.19635
0.3 2.7 -1.1947
0.3 2.7 -1.19305
0.3 2.7 -1.19155
0.3 2.7 -1.1903
0.3 2.7 -1.18936
0.3 2.7 -1.18871
0.3 2.7 -1.1883
0.3 2.7 -1.18807
0.3 2.7 -1.18798
0.3 2.7 -1.18804
0.3 2.7 -1.18841
0.3 2.7 -1.1896
0.3 3 -1.19437
0.3 3 -1.19313
0.3 3 -1.19268
0.3 3 -1.19246
0.3 3 -1.19225
0.3 3 -1.19196
0.3 3 -1.19155
0.3 3 -1.19102
0.3 3 -1.19039
0.3 3 -1.18969
0.3 3 -1.18899
0.3 3 -1.18835
0.3 3 -1.18782
0.3 3 -1.18742
0.3 3 -1.18715
0.3 3 -1.18697
0.3 3 -1.18688
0.3 3 -1.18686
0.3 3 -1.18696
0.3 3 -1.18735
0.3 3 -1.18855
0.6 -3 -3.18444
0.6 -3 -3.18205
0.6 -3 -3.18111
0.6 -3 -3.18056
0.6 -3 -3.17993
0.6 -3 -3.17903
0.6 -3 -3.17775
0.6 -3 -3.17607
0.6 -3 -3.17404
0.6 -3 -3.17183
0.6 -3 -3.16961
0.6 -3 -3.1676
0.6 -3 -3.16592
0.6 -3 -3.16465
0.6 -3 -3.16377
0.6 -3 -3.16322
0.6 -3 -3.16292
0.6 -3 -3.16282
0.6 -3 -3.16297
0.6 -3 -3.16369
0.6 -3 -3.16597
0.6 -2.7 -3.17486
0.6 -2.7 -3.17235
0.6 -2.7 -3.17119
0.6 -2.7 -3.17021
0.6 -2.7 -3.16883
0.6 -2.7 -3.16675
0.6 -2.7 -3.16376
0.6 -2.7 -3.15983
0.6 -2.7 -3.15511
0.6 -2.7 -3.14995
0.6 -2.7 -3.1448
0.6 -2.7 -3.14012
0.6 -2.7 -3.13623
0.6 -2.7 -3.13329
0.6 -2.7 -3.13126
0.6 -2.7 -3.12998
0.6 -2.7 -3.12925
0.6 -2.7 -3.12893
0.6 -2.7 -3.12897
0.6 -2.7 -3.12964
0.6 -2.7 -3.13188
0.6 -2.4 -3.16014
0.6 -2.4 -3.15741
0.6 -2.4 -3.1558
0.6 -2.4 -3.15396
0.6 -2.4 -3.15111
0.6 -2.4 -3.14669
0.6 -2.4 -3.14033
0.6 -2.4 -3.13199
0.6 -2.4 -3.122
0.6 -2.4 -3.1111
0.6 -2.4 -3.10026
0.6 -2.4 -3.09043
0.6 -2.4 -3.08228
0.6 -2.4 -3.07612
0.6 -2.4 -3.07188
0.6 -2.4 -3.0692
0.6 -2.4 -3.06768
0.6 -2.4 -3.06693
0.6 -2.4 -3.06677
0.6 -2.4 -3.06734
0.6 -2.4 -3.06949
0.6 -2.1 -3.12961
0.6 -2.1 -3.1265
0.6 -2.1 -3.1241
0.6 -2.1 -3.12077
0.6 -2.1 -3.11532
0.6 -2.1 -3.10681
0.6 -2.1 -3.09458
0.6 -2.1 -3.07858
0.6 -2.1 -3.05951
0.6 -2.1 -3.03881
0.6 -2.1 -3.01831
0.6 -2.1 -2.9998
0.6 -2.1 -2.98453
0.6 -2.1 -2.97302
0.6 -2.1 -2.9651
0.6 -2.1 -2.96013
0.6 -2.1 -2.95728
0.6 -2.1 -2.95584
0.6 -2.1 -2.95533
0.6 -2.1 -2.95573
0.6 -2.1 -2.95774
0.6 -1.8 -3.06814
0.6 -1.8 -3.06445
0.6 -1.8 -3.06084
0.6 -1.8 -3.05521
0.6 -1.8 -3.0458
0.6 -1.8 -3.03107
0.6 -1.8 -3.00998
0.6 -1.8 -2.98251
0.6 -1.8 -2.94999
0.6 -1.8 -2.91493
0.6 -1.8 -2.88049
0.6 -1.8 -2.84961
0.6 -1.8 -2.82429
0.6 -1.8 -2.80531
0.6 -1.8 -2.79228
0.6 -1.8 -2.78411
0.6 -1.8 -2.77944
0.6 -1.8 -2.77704
0.6 -1.8 -2.77607
0.6 -1.8 -2.77622
0.6 -1.8 -2.77802
0.6 -1.5 -2.95631
0.6 -1.5 -2.95189
0.6 -1.5 -2.94672
0.6 -1.5 -2.93813
0.6 -1.5 -2.92363
0.6 -1.5 -2.90095
0.6 -1.5 -2.86865
0.6 -1.5 -2.82689
0.6 -1.5 -2.77785
0.6 -1.5 -2.72551
0.6 -1.5 -2.6746
0.6 -1.5 -2.62936
0.6 -1.5 -2.59258
0.6 -1.5 -2.56517
0.6 -1.5 -2.54645
0.6 -1.5 -2.53474
0.6 -1.5 -2.52805
0.6 -1.5 -2.52459
0.6 -1.5 -2.5231
0.6 -1.5 -2.52297
0.6 -1.5 -2.52452
0.6 -1.2 -2.77623
0.6 -1.2 -2.77108
0.6 -1.2 -2.76432
0.6 -1.2 -2.75271
0.6 -1.2 -2.73302
0.6 -1.2 -2.70233
0.6 -1.2 -2.65886
0.6 -1.2 -2.6031
0.6 -1.2 -2.53827
0.6 -1.2 -2.46981
0.6 -1.2 -2.40395
0.6 -1.2 -2.34603
0.6 -1.2 -2.29934
0.6 -1.2 -2.26478
0.6 -1.2 -2.24129
0.6 -1.2 -2.22664
0.6 -1.2 -2.21828
0.6 -1.2 -2.21395
0.6 -1.2 -2.21202
0.6 -1.2 -2.21165
0.6 -1.2 -2.21293
0.6 -0.9 -2.5224
0.6 -0.9 -2.51681
0.6 -0.9 -2.50894
0.6 -0.9 -2.49517
0.6 -0.9 -2.47182
0.6 -0.9 -2.43553
0.6 -0.9 -2.38441
0.6 -0.9 -2.3193
0.6 -0.9 -2.24426
0.6 -0.9 -2.16579
0.6 -0.9 -2.09102
0.6 -0.9 -2.02585
0.6 -0.9 -1.9737
0.6 -0.9 -1.93533
0.6 -0.9 -1.90935
0.6 -0.9 -1.8932
0.6 -0.9 -1.88399
0.6 -0.9 -1.87921
0.6 -0.9 -1.87706
0.6 -0.9 -1.87653
0.6 -0.9 -1.87757
0.6 -0.6 -2.21074
0.6 -0.6 -2.20516
0.6 -0.6 -2.19706
0.6 -0.6 -2.18278
0.6 -0.6 -2.15857
0.6 -0.6 -2.121
0.6 -0.6 -2.06828
0.6 -0.6 -2.00143
0.6 -0.6 -1.92483
0.6 -0.6 -1.8452
0.6 -0.6 -1.7698
0.6 -0.6 -1.70443
0.6 -0.6 -1.65237
0.6 -0.6 -1.61419
0.6 -0.6 -1.58842
0.6 -0.6 -1.57242
0.6 -0.6 -1.5633
0.6 -0.6 -1.55857
0.6 -0.6 -1.55643
0.6 -0.6 -1.55585
0.6 -0.6 -1.55672
0.6 -0.3 -1.87556
0.6 -0.3 -1.87048
0.6 -0.3 -1.86306
0.6 -0.3 -1.84996
0.6 -0.3 -1.82774
0.6 -0.3 -1.79329
0.6 -0.3 -1.74497
0.6 -0.3 -1.68377
0.6 -0.3 -1.61372
0.6 -0.3 -1.54098
0.6 -0.3 -1.47219
0.6 -0.3 -1.41262
0.6 -0.3 -1.36522
0.6 -0.3 -1.33048
0.6 -0.3 -1.30704
0.6 -0.3 -1.29249
0.6 -0.3 -1.28421
0.6 -0.3 -1.27991
0.6 -0.3 -1.27796
0.6 -0.3 -1.27743
0.6 -0.3 -1.27819
0.6 0 -1.55506
0.6 0 -1.55077
0.6 0 -1.5446
0.6 0 -1.53377
0.6 0 -1.51538
0.6 0 -1.48684
0.6 0 -1.44674
0.6 0 -1.3958
0.6 0 -1.3373
0.6 0 -1.27635
0.6 0 -1.2185
0.6 0 -1.16824
0.6 0 -1.12815
0.6 0 -1.09871
0.6 0 -1.07881
0.6 0 -1.06645
0.6 0 -1.05941
0.6 0 -1.05576
0.6 0 -1.0541
0.6 0 -1.05367
0.6 0 -1.05439
0.6 0.3 -1.27693
0.6 0.3 -1.27349
0.6 0.3 -1.26874
0.6 0.3 -1.26048
0.6 0.3 -1.24647
0.6 0.3 -1.22468
0.6 0.3 -1.19392
0.6 0.3 -1.15465
0.6 0.3 -1.10926
0.6 0.3 -1.06164
0.6 0.3 -1.01612
0.6 0.3 -0.976321
0.6 0.3 -0.944399
0.6 0.3 -0.920863
0.6 0.3 -0.904911
0.6 0.3 -0.894982
0.6 0.3 -0.88932
0.6 0.3 -0.886383
0.6 0.3 -0.885063
0.6 0.3 -0.88476
0.6 0.3 -0.885464
0.6 0.6 -1.05349
0.6 0.6 -1.0508
0.6 0.6 -1.04735
0.6 0.6 -1.04144
0.6 0.6 -1.03144
0.6 0.6 -1.01583
0.6 0.6 -0.993705
0.6 0.6 -0.965267
0.6 0.6 -0.932131
0.6 0.6 -0.89706
0.6 0.6 -0.863239
0.6 0.6 -0.833429
0.6 0.6 -0.809352
0.6 0.6 -0.791505
0.6 0.6 -0.779363
0.6 0.6 -0.771786
0.6 0.6 -0.76746
0.6 0.6 -0.765219
0.6 0.6 -0.764227
0.6 0.6 -0.764054
0.6 0.6 -0.76477
0.6 0.9 -0.884861
0.6 0.9 -0.882774
0.6 0.9 -0.880356
0.6 0.9 -0.876348
0.6 0.9 -0.869585
0.6 0.9 -0.859006
0.6 0.9 -0.843934
0.6 0.9 -0.824436
0.6 0.9 -0.801534
0.6 0.9 -0.777073
0.6 0.9 -0.753267
0.6 0.9 -0.732106
0.6 0.9 -0.714891
0.6 0.9 -0.702059
0.6 0.9 -0.693293
0.6 0.9 -0.687809
0.6 0.9 -0.684674
0.6 0.9 -0.683054
0.6 0.9 -0.682355
0.6 0.9 -0.682303
0.6 0.9 -0.683045
0.6 1.2 -0.764385
0.6 1.2 -0.762742
0.6 1.2 -0.761092
0.6 1.2 -0.758494
0.6 1.2 -0.754146
0.6 1.2 -0.747335
0.6 1.2 -0.737592
0.6 1.2 -0.724915
0.6 1.2 -0.709916
0.6 1.2 -0.693767
0.6 1.2 -0.67792
0.6 1.2 -0.663724
0.6 1.2 -0.652098
0.6 1.2 -0.643387
0.6 1.2 -0.637415
0.6 1.2 -0.633669
0.6 1.2 -0.631526
0.6 1.2 -0.630424
0.6 1.2 -0.629972
0.6 1.2 -0.630024
0.6 1.2 -0.630796
0.6 1.5 -0.682812
0.6 1.5 -0.681477
0.6 1.5 -0.680364
0.6 1.5 -0.678752
0.6 1.5 -0.676097
0.6 1.5 -0.671941
0.6 1.5 -0.665979
0.6 1.5 -0.658186
0.6 1.5 -0.648912
0.6 1.5 -0.638862
0.6 1.5 -0.628934
0.6 1.5 -0.619983
0.6 1.5 -0.612614
0.6 1.5 -0.607068
0.6 1.5 -0.603253
0.6 1.5 -0.600857
0.6 1.5 -0.599486
0.6 1.5 -0.598788
0.6 1.5 -0.598529
0.6 1.5 -0.598663
0.6 1.5 -0.599463
0.6 1.8 -0.630667
0.6 1.8 -0.629535
0.6 1.8 -0.628776
0.6 1.8 -0.627815
0.6 1.8 -0.626282
0.6 1.8 -0.623893
0.6 1.8 -0.620458
0.6 1.8 -0.615955
0.6 1.8 -0.610574
0.6 1.8 -0.604715
0.6 1.8 -0.598898
0.6 1.8 -0.59363
0.6 1.8 -0.589275
0.6 1.8 -0.585987
0.6 1.8 -0.583721
0.6 1.8 -0.582295
0.6 1.8 -0.581481
0.6 1.8 -0.581074
0.6 1.8 -0.580954
0.6 1.8 -0.581149
0.6 1.8 -0.581973
0.6 2.1 -0.599413
0.6 2.1 -0.598406
0.6 2.1 -0.597867
0.6 2.1 -0.597311
0.6 2.1 -0.596478
0.6 2.1 -0.595191
0.6 2.1 -0.593342
0.6 2.1 -0.590914
0.6 2.1 -0.588004
0.6 2.1 -0.584825
0.6 2.1 -0.581659
0.6 2.1 -0.578783
0.6 2.1 -0.576399
0.6 2.1 -0.574595
0.6 2.1 -0.57335
0.6 2.1 -0.572566
0.6 2.1 -0.572121
0.6 2.1 -0.571908
0.6 2.1 -0.571881
0.6 2.1 -0.572116
0.6 2.1 -0.572957
0.6 2.4 -0.582015
0.6 2.4 -0.58108
0.6 2.4 -0.580668
0.6 2.4 -0.580348
0.6 2.4 -0.57992
0.6 2.4 -0.579275
0.6 2.4 -0.578351
0.6 2.4 -0.577137
0.6 2.4 -0.575679
0.6 2.4 -0.574084
0.6 2.4 -0.572493
0.6 2.4 -0.571044
0.6 2.4 -0.569841
0.6 2.4 -0.56893
0.6 2.4 -0.5683
0.6 2.4 -0.567904
0.6 2.4 -0.567682
0.6 2.4 -0.567586
0.6 2.4 -0.567615
0.6 2.4 -0.567875
0.6 2.4 -0.568727
0.6 2.7 -0.573199
0.6 2.7 -0.572303
0.6 2.7 -0.571959
0.6 2.7 -0.571765
0.6 2.7 -0.571555
0.6 2.7 -0.571254
0.6 2.7 -0.570828
0.6 2.7 -0.570268
0.6 2.7 -0.569595
0.6 2.7 -0.568858
0.6 2.7 -0.568122
0.6 2.7 -0.567451
0.6 2.7 -0.566894
0.6 2.7 -0.566471
0.6 2.7 -0.56618
0.6 2.7 -0.565997
0.6 2.7 -0.565896
0.6 2.7 -0.565865
0.6 2.7 -0.565925
0.6 2.7 -0.566199
0.6 2.7 -0.567057
0.6 3 -0.569513
0.6 3 -0.568636
0.6 3 -0.568325
0.6 3 -0.568193
0.6 3 -0.56809
0.6 3 -0.567959
0.6 3 -0.567778
0.6 3 -0.56754
0.6 3 -0.567255
0.6 3 -0.566943
0.6 3 -0.56663
0.6 3 -0.566345
0.6 3 -0.566109
0.6 3 -0.565929
0.6 3 -0.565805
0.6 3 -0.565728
0.6 3 -0.565689
0.6 3 -0.565689
0.6 3 -0.565765
0.6 3 -0.566046
0.6 3 -0.566908
0.9 -3 -1.18854
0.9 -3 -1.18731
0.9 -3 -1.18687
0.9 -3 -1.18668
0.9 -3 -1.18653
0.9 -3 -1.18632
0.9 -3 -1.18604
0.9 -3 -1.18567
0.9 -3 -1.18523
0.9 -3 -1.18475
0.9 -3 -1.18426
0.9 -3 -1.18382
0.9 -3 -1.18345
0.9 -3 -1.18317
0.9 -3 -1.18298
0.9 -3 -1.18286
0.9 -3 -1.1828
0.9 -3 -1.1828
0.9 -3 -1.1829
0.9 -3 -1.18329
0.9 -3 -1.18449
0.9 -2.7 -1.18574
0.9 -2.7 -1.18449
0.9 -2.7 -1.184
0.9 -2.7 -1.18372
0.9 -2.7 -1.1834
0.9 -2.7 -1.18293
0.9 -2.7 -1.18228
0.9 -2.7 -1.18141
0.9 -2.7 -1.18038
0.9 -2.7 -1.17924
0.9 -2.7 -1.17811
0.9 -2.7 -1.17707
0.9 -2.7 -1.17622
0.9 -2.7 -1.17556
0.9 -2.7 -1.17511
0.9 -2.7 -1.17483
0.9 -2.7 -1.17468
0.9 -2.7 -1.17463
0.9 -2.7 -1.1747
0.9 -2.7 -1.17508
0.9 -2.7 -1.17627
0.9 -2.4 -1.18228
0.9 -2.4 -1.18098
0.9 -2.4 -1.18039
0.9 -2.4 -1.17992
0.9 -2.4 -1.17927
0.9 -2.4 -1.17829
0.9 -2.4 -1.17689
0.9 -2.4 -1.17505
0.9 -2.4 -1.17283
0.9 -2.4 -1.17041
0.9 -2.4 -1.16799
0.9 -2.4 -1.1658
0.9 -2.4 -1.16397
0.9 -2.4 -1.16259
0.9 -2.4 -1.16163
0.9 -2.4 -1.16103
0.9 -2.4 -1.16069
0.9 -2.4 -1.16054
0.9 -2.4 -1.16058
0.9 -2.4 -1.16093
0.9 -2.4 -1.1621
0.9 -2.1 -1.17547
0.9 -2.1 -1.17409
0.9 -2.1 -1.17332
0.9 -2.1 -1.17251
0.9 -2.1 -1.17129
0.9 -2.1 -1.16939
0.9 -2.1 -1.16666
0.9 -2.1 -1.16307
0.9 -2.1 -1.15878
0.9 -2.1 -1.15409
0.9 -2.1 -1.14942
0.9 -2.1 -1.14518
0.9 -2.1 -1.14166
0.9 -2.1 -1.139
0.9 -2.1 -1.13717
0.9 -2.1 -1.13601
0.9 -2.1 -1.13536
0.9 -2.1 -1.13504
0.9 -2.1 -1.13499
0.9 -2.1 -1.13531
0.9 -2.1 -1.13644
0.9 -1.8 -1.16171
0.9 -1.8 -1.16019
0.9 -1.8 -1.15915
0.9 -1.8 -1.15781
0.9 -1.8 -1.15566
0.9 -1.8 -1.15231
0.9 -1.8 -1.14749
0.9 -1.8 -1.14118
0.9 -1.8 -1.13364
0.9 -1.8 -1.12543
0.9 -1.8 -1.11728
0.9 -1.8 -1.10991
0.9 -1.8 -1.10381
0.9 -1.8 -1.09921
0.9 -1.8 -1.09604
0.9 -1.8 -1.09405
0.9 -1.8 -1.09291
0.9 -1.8 -1.09234
0.9 -1.8 -1.09216
0.9 -1.8 -1.09241
0.9 -1.8 -1.0935
0.9 -1.5 -1.13609
0.9 -1.5 -1.13439
0.9 -1.5 -1.13296
0.9 -1.5 -1.13089
0.9 -1.5 -1.12747
0.9 -1.5 -1.12213
0.9 -1.5 -1.11446
0.9 -1.5 -1.10443
0.9 -1.5 -1.09251
0.9 -1.5 -1.07958
0.9 -1.5 -1.06682
0.9 -1.5 -1.05531
0.9 -1.5 -1.04584
0.9 -1.5 -1.03872
0.9 -1.5 -1.03381
0.9 -1.5 -1.03073
0.9 -1.5 -1.02897
0.9 -1.5 -1.02808
0.9 -1.5 -1.02774
0.9 -1.5 -1.02791
0.9 -1.5 -1.02892
0.9 -1.2 -1.09305
0.9 -1.2 -1.09115
0.9 -1.2 -1.08927
0.9 -1.2 -1.08635
0.9 -1.2 -1.08146
0.9 -1.2 -1.0738
0.9 -1.2 -1.06283
0.9 -1.2 -1.04856
0.9 -1.2 -1.03166
0.9 -1.2 -1.01345
0.9 -1.2 -0.995558
0.9 -1.2 -0.979517
0.9 -1.2 -0.966371
0.9 -1.2 -0.956514
0.9 -1.2 -0.949753
0.9 -1.2 -0.945512
0.9 -1.2 -0.943085
0.9 -1.2 -0.941839
0.9 -1.2 -0.941332
0.9 -1.2 -0.941408
0.9 -1.2 -0.942334
0.9 -0.9 -1.02836
0.9 -0.9 -1.02627
0.9 -0.9 -1.02399
0.9 -0.9 -1.02026
0.9 -0.9 -1.01399
0.9 -0.9 -1.00418
0.9 -0.9 -0.990177
0.9 -0.9 -0.972013
0.9 -0.9 -0.95061
0.9 -0.9 -0.927669
0.9 -0.9 -0.905262
0.9 -0.9 -0.885276
0.9 -0.9 -0.868969
0.9 -0.9 -0.856786
0.9 -0.9 -0.848451
0.9 -0.9 -0.84323
0.9 -0.9 -0.840245
0.9 -0.9 -0.838705
0.9 -0.9 -0.838052
0.9 -0.9 -0.838045
0.9 -0.9 -0.838881
0.9 -0.6 -0.941694
0.9 -0.6 -0.939511
0.9 -0.6 -0.936956
0.9 -0.6 -0.932707
0.9 -0.6 -0.925533
0.9 -0.6 -0.914314
0.9 -0.6 -0.898335
0.9 -0.6 -0.877676
0.9 -0.6 -0.853426
0.9 -0.6 -0.827546
0.9 -0.6 -0.802379
0.9 -0.6 -0.780023
0.9 -0.6 -0.761848
0.9 -0.6 -0.748306
0.9 -0.6 -0.739058
0.9 -0.6 -0.733274
0.9 -0.6 -0.729968
0.9 -0.6 -0.728259
0.9 -0.6 -0.72752
0.9 -0.6 -0.727456
0.9 -0.6 -0.728213
0.9 -0.3 -0.838225
0.9 -0.3 -0.836071
0.9 -0.3 -0.833478
0.9 -0.3 -0.82913
0.9 -0.3 -0.82178
0.9 -0.3 -0.810292
0.9 -0.3 -0.793949
0.9 -0.3 -0.772852
0.9 -0.3 -0.748135
0.9 -0.3 -0.721813
0.9 -0.3 -0.696272
0.9 -0.3 -0.673631
0.9 -0.3 -0.655255
0.9 -0.3 -0.641582
0.9 -0.3 -0.632255
0.9 -0.3 -0.626424
0.9 -0.3 -0.623092
0.9 -0.3 -0.621369
0.9 -0.3 -0.620618
0.9 -0.3 -0.620532
0.9 -0.3 -0.621228
0.9 0 -0.727606
0.9 0 -0.7256
0.9 0 -0.723199
0.9 0 -0.71918
0.9 0 -0.712387
0.9 0 -0.701768
0.9 0 -0.686659
0.9 0 -0.667148
0.9 0 -0.644279
0.9 0 -0.619915
0.9 0 -0.596261
0.9 0 -0.575284
0.9 0 -0.558252
0.9 0 -0.545575
0.9 0 -0.536925
0.9 0 -0.531518
0.9 0 -0.528427
0.9 0 -0.526829
0.9 0 -0.526134
0.9 0 -0.526058
0.9 0 -0.526716
0.9 0.3 -0.620717
0.9 0.3 -0.618937
0.9 0.3 -0.616886
0.9 0.3 -0.613493
0.9 0.3 -0.607768
0.9 0.3 -0.598813
0.9 0.3 -0.586052
0.9 0.3 -0.569539
0.9 0.3 -0.550135
0.9 0.3 -0.529403
0.9 0.3 -0.509218
0.9 0.3 -0.491269
0.9 0.3 -0.476661
0.9 0.3 -0.46577
0.9 0.3 -0.458329
0.9 0.3 -0.453673
0.9 0.3 -0.451012
0.9 0.3 -0.449636
0.9 0.3 -0.449044
0.9 0.3 -0.449004
0.9 0.3 -0.449645
0.9 0.6 -0.526321
0.9 0.6 -0.524792
0.9 0.6 -0.523153
0.9 0.6 -0.520506
0.9 0.6 -0.516058
0.9 0.6 -0.509093
0.9 0.6 -0.499145
0.9 0.6 -0.486232
0.9 0.6 -0.470998
0.9 0.6 -0.454649
0.9 0.6 -0.438659
0.9 0.6 -0.42438
0.9 0.6 -0.412718
0.9 0.6 -0.403998
0.9 0.6 -0.398028
0.9 0.6 -0.394287
0.9 0.6 -0.392148
0.9 0.6 -0.391045
0.9 0.6 -0.390582
0.9 0.6 -0.39059
0.9 0.6 -0.39123
0.9 0.9 -0.44936
0.9 0.9 -0.448066
0.9 0.9 -0.446821
0.9 0.9 -0.444894
0.9 0.9 -0.441679
0.9 0.9 -0.436643
0.9 0.9 -0.429432
0.9 0.9 -0.420038
0.9 0.9 -0.408906
0.9 0.9 -0.396898
0.9 0.9 -0.385094
0.9 0.9 -0.374501
0.9 0.9 -0.365812
0.9 0.9 -0.359295
0.9 0.9 -0.354822
0.9 0.9 -0.352016
0.9 0.9 -0.350411
0.9 0.9 -0.349586
0.9 0.9 -0.349255
0.9 0.9 -0.349317
0.9 0.9 -0.349965
0.9 1.2 -0.391039
0.9 1.2 -0.389939
0.9 1.2 -0.389026
0.9 1.2 -0.387706
0.9 1.2 -0.385534
0.9 1.2 -0.382134
0.9 1.2 -0.377256
0.9 1.2 -0.370879
0.9 1.2 -0.36329
0.9 1.2 -0.355065
0.9 1.2 -0.346938
0.9 1.2 -0.339611
0.9 1.2 -0.333577
0.9 1.2 -0.329037
0.9 1.2 -0.325913
0.9 1.2 -0.323951
0.9 1.2 -0.322829
0.9 1.2 -0.322257
0.9 1.2 -0.322046
0.9 1.2 -0.322158
0.9 1.2 -0.32282
0.9 1.5 -0.349846
0.9 1.5 -0.348893
0.9 1.5 -0.348232
0.9 1.5 -0.347376
0.9 1.5 -0.346002
0.9 1.5 -0.343859
0.9 1.5 -0.340779
0.9 1.5 -0.336741
0.9 1.5 -0.331919
0.9 1.5 -0.326671
0.9 1.5 -0.321465
0.9 1.5 -0.316752
0.9 1.5 -0.312858
0.9 1.5 -0.30992
0.9 1.5 -0.307894
0.9 1.5 -0.306621
0.9 1.5 -0.305893
0.9 1.5 -0.305528
0.9 1.5 -0.305415
0.9 1.5 -0.30557
0.9 1.5 -0.306247
0.9 1.8 -0.322755
0.9 1.8 -0.321903
0.9 1.8 -0.321419
0.9 1.8 -0.320888
0.9 1.8 -0.320075
0.9 1.8 -0.318815
0.9 1.8 -0.317005
0.9 1.8 -0.314627
0.9 1.8 -0.31178
0.9 1.8 -0.308672
0.9 1.8 -0.305579
0.9 1.8 -0.302771
0.9 1.8 -0.300445
0.9 1.8 -0.298686
0.9 1.8 -0.297472
0.9 1.8 -0.296708
0.9 1.8 -0.296273
0.9 1.8 -0.296062
0.9 1.8 -0.296022
0.9 1.8 -0.296209
0.9 1.8 -0.296898
0.9 2.1 -0.306229
0.9 2.1 -0.305442
0.9 2.1 -0.305071
0.9 2.1 -0.30475
0.9 2.1 -0.304299
0.9 2.1 -0.303611
0.9 2.1 -0.302625
0.9 2.1 -0.301328
0.9 2.1 -0.299772
0.9 2.1 -0.298071
0.9 2.1 -0.296373
0.9 2.1 -0.29483
0.9 2.1 -0.293548
0.9 2.1 -0.292578
0.9 2.1 -0.291908
0.9 2.1 -0.291486
0.9 2.1 -0.291248
0.9 2.1 -0.29114
0.9 2.1 -0.29115
0.9 2.1 -0.291359
0.9 2.1 -0.292056
0.9 2.4 -0.296952
0.9 2.4 -0.296203
0.9 2.4 -0.2959
0.9 2.4 -0.295703
0.9 2.4 -0.295467
0.9 2.4 -0.295119
0.9 2.4 -0.294623
0.9 2.4 -0.29397
0.9 2.4 -0.293186
0.9 2.4 -0.292328
0.9 2.4 -0.291471
0.9 2.4 -0.29069
0.9 2.4 -0.290042
0.9 2.4 -0.28955
0.9 2.4 -0.289211
0.9 2.4 -0.288998
0.9 2.4 -0.288879
0.9 2.4 -0.288834
0.9 2.4 -0.288874
0.9 2.4 -0.289096
0.9 2.4 -0.2898
0.9 2.7 -0.292293
0.9 2.7 -0.291565
0.9 2.7 -0.291298
0.9 2.7 -0.291169
0.9 2.7 -0.291049
0.9 2.7 -0.290886
0.9 2.7 -0.290655
0.9 2.7 -0.290353
0.9 2.7 -0.289991
0.9 2.7 -0.289593
0.9 2.7 -0.289196
0.9 2.7 -0.288834
0.9 2.7 -0.288533
0.9 2.7 -0.288305
0.9 2.7 -0.288147
0.9 2.7 -0.288048
0.9 2.7 -0.287996
0.9 2.7 -0.287986
0.9 2.7 -0.288043
0.9 2.7 -0.288272
0.9 2.7 -0.288979
0.9 3 -0.29055
0.9 3 -0.289832
0.9 3 -0.289583
0.9 3 -0.289487
0.9 3 -0.289425
0.9 3 -0.289353
0.9 3 -0.289254
0.9 3 -0.289126
0.9 3 -0.288972
0.9 3 -0.288803
0.9 3 -0.288634
0.9 3 -0.28848
0.9 3 -0.288352
0.9 3 -0.288255
0.9 3 -0.288188
0.9 3 -0.288147
0.9 3 -0.288128
0.9 3 -0.288135
0.9 3 -0.2882
0.9 3 -0.288433
0.9 3 -0.289142
1.2 -3 -0.566903
1.2 -3 -0.566032
1.2 -3 -0.565732
1.2 -3 -0.565619
1.2 -3 -0.565549
1.2 -3 -0.565471
1.2 -3 -0.565365
1.2 -3 -0.565227
1.2 -3 -0.565061
1.2 -3 -0.564879
1.2 -3 -0.564698
1.2 -3 -0.564532
1.2 -3 -0.564394
1.2 -3 -0.56429
1.2 -3 -0.564218
1.2 -3 -0.564174
1.2 -3 -0.564154
1.2 -3 -0.564164
1.2 -3 -0.564244
1.2 -3 -0.564527
1.2 -3 -0.565389
1.2 -2.7 -0.565444
1.2 -2.7 -0.564564
1.2 -2.7 -0.564245
1.2 -2.7 -0.564097
1.2 -2.7 -0.563966
1.2 -2.7 -0.56379
1.2 -2.7 -0.563543
1.2 -2.7 -0.563219
1.2 -2.7 -0.562831
1.2 -2.7 -0.562405
1.2 -2.7 -0.56198
1.2 -2.7 -0.561592
1.2 -2.7 -0.561269
1.2 -2.7 -0.561025
1.2 -2.7 -0.560856
1.2 -2.7 -0.560751
1.2 -2.7 -0.560695
1.2 -2.7 -0.560687
1.2 -2.7 -0.560758
1.2 -2.7 -0.561036
1.2 -2.7 -0.561894
1.2 -2.4 -0.564011
1.2 -2.4 -0.563113
1.2 -2.4 -0.562757
1.2 -2.4 -0.562538
1.2 -2.4 -0.562284
1.2 -2.4 -0.561914
1.2 -2.4 -0.561387
1.2 -2.4 -0.560694
1.2 -2.4 -0.559862
1.2 -2.4 -0.55895
1.2 -2.4 -0.55804
1.2 -2.4 -0.557211
1.2 -2.4 -0.556522
1.2 -2.4 -0.556
1.2 -2.4 -0.555639
1.2 -2.4 -0.555413
1.2 -2.4 -0.555288
1.2 -2.4 -0.555243
1.2 -2.4 -0.555296
1.2 -2.4 -0.555565
1.2 -2.4 -0.556416
1.2 -2.1 -0.561415
1.2 -2.1 -0.560485
1.2 -2.1 -0.560062
1.2 -2.1 -0.559716
1.2 -2.1 -0.559242
1.2 -2.1 -0.558524
1.2 -2.1 -0.557495
1.2 -2.1 -0.556142
1.2 -2.1 -0.554518
1.2 -2.1 -0.552741
1.2 -2.1 -0.550969
1.2 -2.1 -0.549356
1.2 -2.1 -0.548017
1.2 -2.1 -0.547003
1.2 -2.1 -0.546302
1.2 -2.1 -0.545862
1.2 -2.1 -0.545613
1.2 -2.1 -0.545503
1.2 -2.1 -0.545525
1.2 -2.1 -0.545778
1.2 -2.1 -0.546616
1.2 -1.8 -0.556215
1.2 -1.8 -0.555233
1.2 -1.8 -0.554704
1.2 -1.8 -0.554156
1.2 -1.8 -0.553331
1.2 -1.8 -0.552057
1.2 -1.8 -0.550226
1.2 -1.8 -0.547821
1.2 -1.8 -0.54494
1.2 -1.8 -0.541793
1.2 -1.8 -0.538659
1.2 -1.8 -0.535812
1.2 -1.8 -0.533452
1.2 -1.8 -0.531667
1.2 -1.8 -0.530434
1.2 -1.8 -0.529659
1.2 -1.8 -0.529218
1.2 -1.8 -0.529006
1.2 -1.8 -0.528978
1.2 -1.8 -0.529207
1.2 -1.8 -0.530024
1.2 -1.5 -0.546466
1.2 -1.5 -0.545413
1.2 -1.5 -0.544734
1.2 -1.5 -0.5439
1.2 -1.5 -0.542579
1.2 -1.5 -0.540523
1.2 -1.5 -0.537568
1.2 -1.5 -0.533691
1.2 -1.5 -0.529056
1.2 -1.5 -0.524005
1.2 -1.5 -0.518988
1.2 -1.5 -0.514441
1.2 -1.5 -0.51068
1.2 -1.5 -0.50784
1.2 -1.5 -0.505881
1.2 -1.5 -0.504649
1.2 -1.5 -0.503945
1.2 -1.5 -0.503596
1.2 -1.5 -0.5035
1.2 -1.5 -0.503694
1.2 -1.5 -0.504481
1.2 -1.2 -0.529846
1.2 -1.2 -0.528709
1.2 -1.2 -0.527848
1.2 -1.2 -0.526665
1.2 -1.2 -0.524741
1.2 -1.2 -0.521734
1.2 -1.2 -0.517415
1.2 -1.2 -0.511761
1.2 -1.2 -0.505018
1.2 -1.2 -0.497694
1.2 -1.2 -0.490441
1.2 -1.2 -0.483887
1.2 -1.2 -0.478479
1.2 -1.2 -0.474404
1.2 -1.2 -0.471597
1.2 -1.2 -0.469833
1.2 -1.2 -0.468824
1.2 -1.2 -0.468314
1.2 -1.2 -0.468139
1.2 -1.2 -0.468291
1.2 -1.2 -0.469041
1.2 -0.9 -0.504255
1.2 -0.9 -0.503037
1.2 -0.9 -0.501991
1.2 -0.9 -0.500455
1.2 -0.9 -0.497918
1.2 -0.9 -0.493945
1.2 -0.9 -0.488248
1.2 -0.9 -0.480804
1.2 -0.9 -0.471953
1.2 -0.9 -0.462369
1.2 -0.9 -0.452909
1.2 -0.9 -0.444387
1.2 -0.9 -0.437375
1.2 -0.9 -0.432102
1.2 -0.9 -0.428476
1.2 -0.9 -0.426198
1.2 -0.9 -0.424895
1.2 -0.9 -0.424231
1.2 -0.9 -0.423979
1.2 -0.9 -0.42409
1.2 -0.9 -0.424797
1.2 -0.6 -0.468773
1.2 -0.6 -0.467499
1.2 -0.6 -0.466311
1.2 -0.6 -0.464496
1.2 -0.6 -0.461475
1.2 -0.6 -0.456743
1.2 -0.6 -0.449965
1.2 -0.6 -0.441126
1.2 -0.6 -0.430642
1.2 -0.6 -0.41932
1.2 -0.6 -0.408175
1.2 -0.6 -0.398163
1.2 -0.6 -0.389943
1.2 -0.6 -0.383772
1.2 -0.6 -0.379535
1.2 -0.6 -0.376876
1.2 -0.6 -0.375354
1.2 -0.6 -0.374574
1.2 -0.6 -0.374265
1.2 -0.6 -0.374341
1.2 -0.6 -0.375009
1.2 -0.3 -0.42451
1.2 -0.3 -0.423224
1.2 -0.3 -0.421974
1.2 -0.3 -0.420029
1.2 -0.3 -0.416781
1.2 -0.3 -0.411694
1.2 -0.3 -0.404412
1.2 -0.3 -0.394928
1.2 -0.3 -0.383694
1.2 -0.3 -0.371582
1.2 -0.3 -0.359681
1.2 -0.3 -0.349005
1.2 -0.3 -0.340253
1.2 -0.3 -0.333689
1.2 -0.3 -0.329185
1.2 -0.3 -0.32636
1.2 -0.3 -0.324744
1.2 -0.3 -0.323914
1.2 -0.3 -0.323578
1.2 -0.3 -0.323634
1.2 -0.3 -0.324268
1.2 0 -0.374728
1.2 0 -0.373483
1.2 0 -0.372268
1.2 0 -0.370374
1.2 0 -0.36721
1.2 0 -0.362255
1.2 0 -0.355163
1.2 0 -0.345926
1.2 0 -0.334987
1.2 0 -0.323195
1.2 0 -0.311609
1.2 0 -0.301219
1.2 0 -0.292701
1.2 0 -0.286314
1.2 0 -0.281932
1.2 0 -0.279183
1.2 0 -0.27761
1.2 0 -0.276803
1.2 0 -0.276475
1.2 0 -0.276528
1.2 0 -0.277138
1.2 0.3 -0.324019
1.2 0.3 -0.322857
1.2 0.3 -0.32176
1.2 0.3 -0.320074
1.2 0.3 -0.317265
1.2 0.3 -0.312867
1.2 0.3 -0.306566
1.2 0.3 -0.298354
1.2 0.3 -0.288616
1.2 0.3 -0.278105
1.2 0.3 -0.267764
1.2 0.3 -0.258479
1.2 0.3 -0.250858
1.2 0.3 -0.245139
1.2 0.3 -0.241212
1.2 0.3 -0.238749
1.2 0.3 -0.237339
1.2 0.3 -0.236616
1.2 0.3 -0.236327
1.2 0.3 -0.236391
1.2 0.3 -0.236989
1.2 0.6 -0.276936
1.2 0.6 -0.275881
1.2 0.6 -0.274952
1.2 0.6 -0.273571
1.2 0.6 -0.271283
1.2 0.6 -0.2677
1.2 0.6 -0.262564
1.2 0.6 -0.255857
1.2 0.6 -0.247888
1.2 0.6 -0.239265
1.2 0.6 -0.23076
1.2 0.6 -0.223105
1.2 0.6 -0.21681
1.2 0.6 -0.212078
1.2 0.6 -0.208826
1.2 0.6 -0.206784
1.2 0.6 -0.205615
1.2 0.6 -0.205018
1.2 0.6 -0.204789
1.2 0.6 -0.204875
1.2 0.6 -0.205469
1.2 0.9 -0.236838
1.2 0.9 -0.235893
1.2 0.9 -0.235146
1.2 0.9 -0.234095
1.2 0.9 -0.232374
1.2 0.9 -0.229683
1.2 0.9 -0.22582
1.2 0.9 -0.220766
1.2 0.9 -0.214744
1.2 0.9 -0.208209
1.2 0.9 -0.201745
1.2 0.9 -0.195909
1.2 0.9 -0.191098
1.2 0.9 -0.187474
1.2 0.9 -0.18498
1.2 0.9 -0.183413
1.2 0.9 -0.182516
1.2 0.9 -0.182062
1.2 0.9 -0.1819
1.2 0.9 -0.182012
1.2 0.9 -0.182611
1.2 1.2 -0.205365
1.2 1.2 -0.204518
1.2 1.2 -0.203936
1.2 1.2 -0.203188
1.2 1.2 -0.201989
1.2 1.2 -0.200118
1.2 1.2 -0.19743
1.2 1.2 -0.193906
1.2 1.2 -0.189697
1.2 1.2 -0.185116
1.2 1.2 -0.180569
1.2 1.2 -0.176453
1.2 1.2 -0.173052
1.2 1.2 -0.170485
1.2 1.2 -0.168715
1.2 1.2 -0.167603
1.2 1.2 -0.166967
1.2 1.2 -0.166649
1.2 1.2 -0.166551
1.2 1.2 -0.166691
1.2 1.2 -0.167297
1.2 1.5 -0.182545
1.2 1.5 -0.181775
1.2 1.5 -0.181327
1.2 1.5 -0.180824
1.2 1.5 -0.180047
1.2 1.5 -0.178842
1.2 1.5 -0.177111
1.2 1.5 -0.174837
1.2 1.5 -0.172115
1.2 1.5 -0.169145
1.2 1.5 -0.16619
1.2 1.5 -0.163509
1.2 1.5 -0.161287
1.2 1.5 -0.159608
1.2 1.5 -0.158449
1.2 1.5 -0.15772
1.2 1.5 -0.157305
1.2 1.5 -0.157102
1.2 1.5 -0.15706
1.2 1.5 -0.157223
1.2 1.5 -0.157837
1.2 1.8 -0.167262
1.2 1.8 -0.166549
1.2 1.8 -0.166197
1.2 1.8 -0.165873
1.2 1.8 -0.165404
1.2 1.8 -0.164685
1.2 1.8 -0.163654
1.2 1.8 -0.162299
1.2 1.8 -0.160673
1.2 1.8 -0.158896
1.2 1.8 -0.157124
1.2 1.8 -0.155514
1.2 1.8 -0.154177
1.2 1.8 -0.153165
1.2 1.8 -0.152467
1.2 1.8 -0.152027
1.2 1.8 -0.151778
1.2 1.8 -0.151662
1.2 1.8 -0.151662
1.2 1.8 -0.151844
1.2 1.8 -0.152464
1.2 2.1 -0.157834
1.2 2.1 -0.157158
1.2 2.1 -0.15687
1.2 2.1 -0.156664
1.2 2.1 -0.156399
1.2 2.1 -0.156002
1.2 2.1 -0.155436
1.2 2.1 -0.154691
1.2 2.1 -0.153796
1.2 2.1 -0.152817
1.2 2.1 -0.15184
1.2 2.1 -0.15095
1.2 2.1 -0.150211
1.2 2.1 -0.149651
1.2 2.1 -0.149264
1.2 2.1 -0.149021
1.2 2.1 -0.148885
1.2 2.1 -0.148829
1.2 2.1 -0.148857
1.2 2.1 -0.149051
1.2 2.1 -0.149677
1.2 2.4 -0.152524
1.2 2.4 -0.151869
1.2 2.4 -0.15162
1.2 2.4 -0.151485
1.2 2.4 -0.151342
1.2 2.4 -0.15114
1.2 2.4 -0.150853
1.2 2.4 -0.150477
1.2 2.4 -0.150025
1.2 2.4 -0.149529
1.2 2.4 -0.149034
1.2 2.4 -0.148583
1.2 2.4 -0.148208
1.2 2.4 -0.147924
1.2 2.4 -0.147728
1.2 2.4 -0.147605
1.2 2.4 -0.147538
1.2 2.4 -0.147518
1.2 2.4 -0.147564
1.2 2.4 -0.147765
1.2 2.4 -0.148394
1.2 2.7 -0.14991
1.2 2.7 -0.149267
1.2 2.7 -0.149039
1.2 2.7 -0.148942
1.2 2.7 -0.148866
1.2 2.7 -0.14877
1.2 2.7 -0.148637
1.2 2.7 -0.148462
1.2 2.7 -0.148252
1.2 2.7 -0.148022
1.2 2.7 -0.147793
1.2 2.7 -0.147583
1.2 2.7 -0.147409
1.2 2.7 -0.147277
1.2 2.7 -0.147186
1.2 2.7 -0.147129
1.2 2.7 -0.1471
1.2 2.7 -0.147101
1.2 2.7 -0.147156
1.2 2.7 -0.147362
1.2 2.7 -0.147993
1.2 3 -0.149124
1.2 3 -0.148486
1.2 3 -0.148269
1.2 3 -0.148191
1.2 3 -0.148149
1.2 3 -0.148105
1.2 3 -0.148048
1.2 3 -0.147974
1.2 3 -0.147885
1.2 3 -0.147787
1.2 3 -0.147689
1.2 3 -0.1476
1.2 3 -0.147526
1.2 3 -0.14747
1.2 3 -0.147431
1.2 3 -0.147408
1.2 3 -0.147398
1.2 3 -0.147408
1.2 3 -0.147468
1.2 3 -0.147677
1.2 3 -0.148309
1.5 -3 -0.289141
1.5 -3 -0.288426
1.5 -3 -0.288184
1.5 -3 -0.288101
1.5 -3 -0.288061
1.5 -3 -0.288023
1.5 -3 -0.287975
1.5 -3 -0.287912
1.5 -3 -0.287837
1.5 -3 -0.287755
1.5 -3 -0.287673
1.5 -3 -0.287599
1.5 -3 -0.287536
1.5 -3 -0.287489
1.5 -3 -0.287457
1.5 -3 -0.287437
1.5 -3 -0.287431
1.5 -3 -0.287444
1.5 -3 -0.287512
1.5 -3 -0.287747
1.5 -3 -0.288456
1.5 -2.7 -0.288161
1.5 -2.7 -0.287443
1.5 -2.7 -0.287193
1.5 -2.7 -0.287093
1.5 -2.7 -0.287025
1.5 -2.7 -0.286944
1.5 -2.7 -0.286832
1.5 -2.7 -0.286685
1.5 -2.7 -0.28651
1.5 -2.7 -0.286317
1.5 -2.7 -0.286125
1.5 -2.7 -0.285949
1.5 -2.7 -0.285804
1.5 -2.7 -0.285693
1.5 -2.7 -0.285617
1.5 -2.7 -0.285569
1.5 -2.7 -0.285547
1.5 -2.7 -0.285552
1.5 -2.7 -0.285616
1.5 -2.7 -0.285848
1.5 -2.7 -0.286556
1.5 -2.4 -0.287407
1.5 -2.4 -0.286681
1.5 -2.4 -0.286414
1.5 -2.4 -0.286283
1.5 -2.4 -0.286159
1.5 -2.4 -0.28599
1.5 -2.4 -0.285751
1.5 -2.4 -0.285437
1.5 -2.4 -0.285061
1.5 -2.4 -0.284648
1.5 -2.4 -0.284236
1.5 -2.4 -0.28386
1.5 -2.4 -0.283547
1.5 -2.4 -0.283311
1.5 -2.4 -0.283147
1.5 -2.4 -0.283045
1.5 -2.4 -0.28299
1.5 -2.4 -0.282979
1.5 -2.4 -0.283035
1.5 -2.4 -0.283263
1.5 -2.4 -0.283967
1.5 -2.1 -0.286201
1.5 -2.1 -0.28546
1.5 -2.1 -0.285163
1.5 -2.1 -0.284974
1.5 -2.1 -0.284751
1.5 -2.1 -0.284424
1.5 -2.1 -0.283957
1.5 -2.1 -0.283343
1.5 -2.1 -0.282606
1.5 -2.1 -0.281799
1.5 -2.1 -0.280993
1.5 -2.1 -0.280259
1.5 -2.1 -0.279649
1.5 -2.1 -0.279186
1.5 -2.1 -0.278867
1.5 -2.1 -0.278666
1.5 -2.1 -0.278555
1.5 -2.1 -0.278514
1.5 -2.1 -0.278555
1.5 -2.1 -0.278776
1.5 -2.1 -0.279475
1.5 -1.8 -0.283835
1.5 -1.8 -0.283071
1.5 -1.8 -0.282725
1.5 -1.8 -0.282444
1.5 -1.8 -0.282061
1.5 -1.8 -0.281479
1.5 -1.8 -0.280646
1.5 -1.8 -0.279551
1.5 -1.8 -0.278236
1.5 -1.8 -0.276798
1.5 -1.8 -0.275363
1.5 -1.8 -0.274058
1.5 -1.8 -0.272974
1.5 -1.8 -0.272153
1.5 -1.8 -0.271585
1.5 -1.8 -0.271229
1.5 -1.8 -0.271028
1.5 -1.8 -0.270939
1.5 -1.8 -0.270957
1.5 -1.8 -0.271166
1.5 -1.8 -0.271855
1.5 -1.5 -0.279395
1.5 -1.5 -0.278598
1.5 -1.5 -0.278183
1.5 -1.5 -0.277771
1.5 -1.5 -0.277158
1.5 -1.5 -0.276215
1.5 -1.5 -0.274861
1.5 -1.5 -0.273081
1.5 -1.5 -0.270948
1.5 -1.5 -0.268617
1.5 -1.5 -0.266295
1.5 -1.5 -0.264185
1.5 -1.5 -0.262435
1.5 -1.5 -0.261111
1.5 -1.5 -0.260196
1.5 -1.5 -0.259621
1.5 -1.5 -0.259294
1.5 -1.5 -0.25914
1.5 -1.5 -0.259126
1.5 -1.5 -0.259318
1.5 -1.5 -0.259993
1.5 -1.2 -0.271771
1.5 -1.2 -0.270934
1.5 -1.2 -0.270433
1.5 -1.2 -0.269857
1.5 -1.2 -0.26896
1.5 -1.2 -0.267567
1.5 -1.2 -0.265565
1.5 -1.2 -0.262938
1.5 -1.2 -0.259793
1.5 -1.2 -0.256363
1.5 -1.2 -0.252951
1.5 -1.2 -0.249856
1.5 -1.2 -0.247293
1.5 -1.2 -0.245356
1.5 -1.2 -0.244019
1.5 -1.2 -0.243179
1.5 -1.2 -0.242699
1.5 -1.2 -0.242464
1.5 -1.2 -0.24241
1.5 -1.2 -0.242582
1.5 -1.2 -0.243239
1.5 -0.9 -0.259887
1.5 -0.9 -0.25901
1.5 -0.9 -0.258419
1.5 -0.9 -0.257669
1.5 -0.9 -0.25647
1.5 -0.9 -0.254602
1.5 -0.9 -0.251917
1.5 -0.9 -0.248396
1.5 -0.9 -0.244189
1.5 -0.9 -0.239609
1.5 -0.9 -0.235062
1.5 -0.9 -0.230945
1.5 -0.9 -0.227541
1.5 -0.9 -0.224971
1.5 -0.9 -0.2232
1.5 -0.9 -0.222086
1.5 -0.9 -0.22145
1.5 -0.9 -0.221132
1.5 -0.9 -0.221038
1.5 -0.9 -0.221187
1.5 -0.9 -0.221823
1.5 -0.6 -0.243111
1.5 -0.6 -0.242203
1.5 -0.6 -0.241537
1.5 -0.6 -0.240638
1.5 -0.6 -0.239183
1.5 -0.6 -0.236908
1.5 -0.6 -0.233642
1.5 -0.6 -0.229363
1.5 -0.6 -0.224259
1.5 -0.6 -0.21871
1.5 -0.6 -0.213211
1.5 -0.6 -0.208239
1.5 -0.6 -0.204135
1.5 -0.6 -0.20104
1.5 -0.6 -0.198908
1.5 -0.6 -0.197568
1.5 -0.6 -0.196802
1.5 -0.6 -0.196416
1.5 -0.6 -0.196287
1.5 -0.6 -0.196418
1.5 -0.6 -0.197032
1.5 -0.3 -0.221682
1.5 -0.3 -0.220763
1.5 -0.3 -0.220053
1.5 -0.3 -0.219069
1.5 -0.3 -0.217463
1.5 -0.3 -0.214952
1.5 -0.3 -0.211346
1.5 -0.3 -0.206626
1.5 -0.3 -0.201001
1.5 -0.3 -0.194892
1.5 -0.3 -0.188846
1.5 -0.3 -0.183384
1.5 -0.3 -0.17888
1.5 -0.3 -0.175486
1.5 -0.3 -0.173149
1.5 -0.3 -0.171681
1.5 -0.3 -0.170841
1.5 -0.3 -0.170415
1.5 -0.3 -0.170267
1.5 -0.3 -0.170384
1.5 -0.3 -0.170979
1.5 0 -0.19689
1.5 0 -0.195984
1.5 0 -0.195277
1.5 0 -0.19429
1.5 0 -0.192679
1.5 0 -0.190158
1.5 0 -0.186539
1.5 0 -0.181803
1.5 0 -0.176158
1.5 0 -0.170031
1.5 0 -0.163967
1.5 0 -0.158492
1.5 0 -0.153976
1.5 0 -0.150575
1.5 0 -0.148233
1.5 0 -0.146762
1.5 0 -0.14592
1.5 0 -0.145493
1.5 0 -0.145343
1.5 0 -0.145456
1.5 0 -0.146037
1.5 0.3 -0.17085
1.5 0.3 -0.169979
1.5 0.3 -0.169318
1.5 0.3 -0.168412
1.5 0.3 -0.166935
1.5 0.3 -0.164628
1.5 0.3 -0.161314
1.5 0.3 -0.156976
1.5 0.3 -0.151803
1.5 0.3 -0.146183
1.5 0.3 -0.140618
1.5 0.3 -0.13559
1.5 0.3 -0.131442
1.5 0.3 -0.128315
1.5 0.3 -0.126162
1.5 0.3 -0.124808
1.5 0.3 -0.124034
1.5 0.3 -0.123643
1.5 0.3 -0.123509
1.5 0.3 -0.123625
1.5 0.3 -0.124199
1.5 0.6 -0.145929
1.5 0.6 -0.145108
1.5 0.6 -0.144525
1.5 0.6 -0.143757
1.5 0.6 -0.142518
1.5 0.6 -0.140584
1.5 0.6 -0.137806
1.5 0.6 -0.134165
1.5 0.6 -0.129819
1.5 0.6 -0.125092
1.5 0.6 -0.120404
1.5 0.6 -0.116162
1.5 0.6 -0.112659
1.5 0.6 -0.110016
1.5 0.6 -0.108195
1.5 0.6 -0.107049
1.5 0.6 -0.106395
1.5 0.6 -0.106066
1.5 0.6 -0.105961
1.5 0.6 -0.106088
1.5 0.6 -0.106659
1.5 0.9 -0.124115
1.5 0.9 -0.12335
1.5 0.9 -0.122858
1.5 0.9 -0.122254
1.5 0.9 -0.121298
1.5 0.9 -0.119809
1.5 0.9 -0.117669
1.5 0.9 -0.114862
1.5 0.9 -0.111506
1.5 0.9 -0.107849
1.5 0.9 -0.104216
1.5 0.9 -0.100924
1.5 0.9 -0.0982
1.5 0.9 -0.0961431
1.5 0.9 -0.0947246
1.5 0.9 -0.0938323
1.5 0.9 -0.0933229
1.5 0.9 -0.09307
1.5 0.9 -0.0930008
1.5 0.9 -0.0931418
1.5 0.9 -0.0937143
1.5 1.2 -0.1066
1.5 1.2 -0.105887
1.5 1.2 -0.105482
1.5 1.2 -0.105037
1.5 1.2 -0.104356
1.5 1.2 -0.1033
1.5 1.2 -0.101783
1.5 1.2 -0.099791
1.5 1.2 -0.0974054
1.5 1.2 -0.0948016
1.5 1.2 -0.0922101
1.5 1.2 -0.0898573
1.5 1.2 -0.0879081
1.5 1.2 -0.0864342
1.5 1.2 -0.085417
1.5 1.2 -0.0847769
1.5 1.2 -0.0844125
1.5 1.2 -0.0842355
1.5 1.2 -0.0842023
1.5 1.2 -0.0843583
1.5 1.2 -0.0849346
1.5 1.5 -0.0936769
1.5 1.5 -0.0930071
1.5 1.5 -0.0926747
1.5 1.5 -0.0923644
1.5 1.5 -0.0919144
1.5 1.5 -0.0912245
1.5 1.5 -0.090234
1.5 1.5 -0.088932
1.5 1.5 -0.087371
1.5 1.5 -0.0856646
1.5 1.5 -0.0839635
1.5 1.5 -0.0824167
1.5 1.5 -0.0811336
1.5 1.5 -0.0801623
1.5 1.5 -0.0794915
1.5 1.5 -0.0790695
1.5 1.5 -0.0788303
1.5 1.5 -0.078719
1.5 1.5 -0.0787173
1.5 1.5 -0.0788867
1.5 1.5 -0.0794674
1.5 1.8 -0.0849164
1.5 1.8 -0.0842781
1.5 1.8 -0.0840003
1.5 1.8 -0.0837903
1.5 1.8 -0.0835137
1.5 1.8 -0.0830978
1.5 1.8 -0.0825024
1.5 1.8 -0.0817196
1.5 1.8 -0.08078
1.5 1.8 -0.0797518
1.5 1.8 -0.0787254
1.5 1.8 -0.0777912
1.5 1.8 -0.0770153
1.5 1.8 -0.0764275
1.5 1.8 -0.0760214
1.5 1.8 -0.0757662
1.5 1.8 -0.0756229
1.5 1.8 -0.0755619
1.5 1.8 -0.0755842
1.5 1.8 -0.0757641
1.5 1.8 -0.0763489
1.5 2.1 -0.0794738
1.5 2.1 -0.0788564
1.5 2.1 -0.0786152
1.5 2.1 -0.0784728
1.5 2.1 -0.0783128
1.5 2.1 -0.0780815
1.5 2.1 -0.0777523
1.5 2.1 -0.0773198
1.5 2.1 -0.0768004
1.5 2.1 -0.0762315
1.5 2.1 -0.0756632
1.5 2.1 -0.0751455
1.5 2.1 -0.0747152
1.5 2.1 -0.0743891
1.5 2.1 -0.0741638
1.5 2.1 -0.0740225
1.5 2.1 -0.0739447
1.5 2.1 -0.0739182
1.5 2.1 -0.073957
1.5 2.1 -0.0741441
1.5 2.1 -0.0747319
1.5 2.4 -0.0764124
1.5 2.4 -0.0758076
1.5 2.4 -0.0755886
1.5 2.4 -0.0754871
1.5 2.4 -0.075398
1.5 2.4 -0.0752788
1.5 2.4 -0.0751116
1.5 2.4 -0.0748923
1.5 2.4 -0.074629
1.5 2.4 -0.0743404
1.5 2.4 -0.074052
1.5 2.4 -0.0737891
1.5 2.4 -0.0735706
1.5 2.4 -0.0734049
1.5 2.4 -0.0732904
1.5 2.4 -0.0732191
1.5 2.4 -0.0731816
1.5 2.4 -0.0731762
1.5 2.4 -0.0732251
1.5 2.4 -0.0734167
1.5 2.4 -0.0740065
1.5 2.7 -0.0749641
1.5 2.7 -0.0743661
1.5 2.7 -0.0741592
1.5 2.7 -0.0740803
1.5 2.7 -0.0740301
1.5 2.7 -0.0739725
1.5 2.7 -0.0738944
1.5 2.7 -0.0737925
1.5 2.7 -0.0736701
1.5 2.7 -0.0735361
1.5 2.7 -0.073402
1.5 2.7 -0.0732798
1.5 2.7 -0.0731782
1.5 2.7 -0.0731012
1.5 2.7 -0.0730481
1.5 2.7 -0.0730154
1.5 2.7 -0.0730002
1.5 2.7 -0.0730065
1.5 2.7 -0.073061
1.5 2.7 -0.0732552
1.5 2.7 -0.0738462
1.5 3 -0.074729
1.5 3 -0.0741342
1.5 3 -0.0739332
1.5 3 -0.0738655
1.5 3 -0.0738347
1.5 3 -0.0738078
1.5 3 -0.0737741
1.5 3 -0.0737306
1.5 3 -0.0736786
1.5 3 -0.0736215
1.5 3 -0.0735645
1.5 3 -0.0735125
1.5 3 -0.0734693
1.5 3 -0.0734366
1.5 3 -0.0734141
1.5 3 -0.0734007
1.5 3 -0.0733966
1.5 3 -0.0734087
1.5 3 -0.0734661
1.5 3 -0.0736616
1.5 3 -0.0742535
1.8 -3 -0.148308
1.8 -3 -0.147673
1.8 -3 -0.14746
1.8 -3 -0.147391
1.8 -3 -0.147363
1.8 -3 -0.147343
1.8 -3 -0.147319
1.8 -3 -0.147289
1.8 -3 -0.147253
1.8 -3 -0.147213
1.8 -3 -0.147173
1.8 -3 -0.147137
1.8 -3 -0.147107
1.8 -3 -0.147084
1.8 -3 -0.147069
1.8 -3 -0.14706
1.8 -3 -0.147059
1.8 -3 -0.147073
1.8 -3 -0.147135
1.8 -3 -0.147345
1.8 -3 -0.147977
1.8 -2.7 -0.147545
1.8 -2.7 -0.146908
1.8 -2.7 -0.146691
1.8 -2.7 -0.146614
1.8 -2.7 -0.146573
1.8 -2.7 -0.146532
1.8 -2.7 -0.146477
1.8 -2.7 -0.146406
1.8 -2.7 -0.146321
1.8 -2.7 -0.146228
1.8 -2.7 -0.146135
1.8 -2.7 -0.14605
1.8 -2.7 -0.14598
1.8 -2.7 -0.145926
1.8 -2.7 -0.145889
1.8 -2.7 -0.145867
1.8 -2.7 -0.145858
1.8 -2.7 -0.145868
1.8 -2.7 -0.145928
1.8 -2.7 -0.146136
1.8 -2.7 -0.146768
1.8 -2.4 -0.147084
1.8 -2.4 -0.146444
1.8 -2.4 -0.146219
1.8 -2.4 -0.146126
1.8 -2.4 -0.146059
1.8 -2.4 -0.145974
1.8 -2.4 -0.145858
1.8 -2.4 -0.145706
1.8 -2.4 -0.145524
1.8 -2.4 -0.145324
1.8 -2.4 -0.145124
1.8 -2.4 -0.144942
1.8 -2.4 -0.144791
1.8 -2.4 -0.144676
1.8 -2.4 -0.144597
1.8 -2.4 -0.144547
1.8 -2.4 -0.144523
1.8 -2.4 -0.144525
1.8 -2.4 -0.144581
1.8 -2.4 -0.144788
1.8 -2.4 -0.145418
1.8 -2.1 -0.146471
1.8 -2.1 -0.145824
1.8 -2.1 -0.145584
1.8 -2.1 -0.145464
1.8 -2.1 -0.145348
1.8 -2.1 -0.145187
1.8 -2.1 -0.14496
1.8 -2.1 -0.144662
1.8 -2.1 -0.144305
1.8 -2.1 -0.143913
1.8 -2.1 -0.143522
1.8 -2.1 -0.143165
1.8 -2.1 -0.142869
1.8 -2.1 -0.142644
1.8 -2.1 -0.142488
1.8 -2.1 -0.142391
1.8 -2.1 -0.142339
1.8 -2.1 -0.142327
1.8 -2.1 -0.142376
1.8 -2.1 -0.142579
1.8 -2.1 -0.143206
1.8 -1.8 -0.145317
1.8 -1.8 -0.144658
1.8 -1.8 -0.144394
1.8 -1.8 -0.144229
1.8 -1.8 -0.144035
1.8 -1.8 -0.143751
1.8 -1.8 -0.143346
1.8 -1.8 -0.142813
1.8 -1.8 -0.142174
1.8 -1.8 -0.141473
1.8 -1.8 -0.140774
1.8 -1.8 -0.140137
1.8 -1.8 -0.139607
1.8 -1.8 -0.139206
1.8 -1.8 -0.138929
1.8 -1.8 -0.138755
1.8 -1.8 -0.138659
1.8 -1.8 -0.138623
1.8 -1.8 -0.138661
1.8 -1.8 -0.138858
1.8 -1.8 -0.13948
1.8 -1.5 -0.143157
1.8 -1.5 -0.142482
1.8 -1.5 -0.142185
1.8 -1.5 -0.141955
1.8 -1.5 -0.141649
1.8 -1.5 -0.141188
1.8 -1.5 -0.140527
1.8 -1.5 -0.139658
1.8 -1.5 -0.138615
1.8 -1.5 -0.137474
1.8 -1.5 -0.136335
1.8 -1.5 -0.135298
1.8 -1.5 -0.134437
1.8 -1.5 -0.133785
1.8 -1.5 -0.133335
1.8 -1.5 -0.133052
1.8 -1.5 -0.132892
1.8 -1.5 -0.132824
1.8 -1.5 -0.132845
1.8 -1.5 -0.133034
1.8 -1.5 -0.133649
1.8 -1.2 -0.139436
1.8 -1.2 -0.138742
1.8 -1.2 -0.138402
1.8 -1.2 -0.138091
1.8 -1.2 -0.137644
1.8 -1.2 -0.136959
1.8 -1.2 -0.135976
1.8 -1.2 -0.134684
1.8 -1.2 -0.133135
1.8 -1.2 -0.131442
1.8 -1.2 -0.129753
1.8 -1.2 -0.128217
1.8 -1.2 -0.126943
1.8 -1.2 -0.125978
1.8 -1.2 -0.125312
1.8 -1.2 -0.124893
1.8 -1.2 -0.124656
1.8 -1.2 -0.124546
1.8 -1.2 -0.124547
1.8 -1.2 -0.124725
1.8 -1.2 -0.125331
1.8 -0.9 -0.133596
1.8 -0.9 -0.132881
1.8 -0.9 -0.132496
1.8 -0.9 -0.132097
1.8 -0.9 -0.131497
1.8 -0.9 -0.130571
1.8 -0.9 -0.12924
1.8 -0.9 -0.127491
1.8 -0.9 -0.125397
1.8 -0.9 -0.123109
1.8 -0.9 -0.12083
1.8 -0.9 -0.11876
1.8 -0.9 -0.117044
1.8 -0.9 -0.115745
1.8 -0.9 -0.114849
1.8 -0.9 -0.114285
1.8 -0.9 -0.113965
1.8 -0.9 -0.113811
1.8 -0.9 -0.113791
1.8 -0.9 -0.113957
1.8 -0.9 -0.114552
1.8 -0.6 -0.125267
1.8 -0.6 -0.124536
1.8 -0.6 -0.124111
1.8 -0.6 -0.123634
1.8 -0.6 -0.122898
1.8 -0.6 -0.121757
1.8 -0.6 -0.120117
1.8 -0.6 -0.117963
1.8 -0.6 -0.115385
1.8 -0.6 -0.112572
1.8 -0.6 -0.109773
1.8 -0.6 -0.107232
1.8 -0.6 -0.105128
1.8 -0.6 -0.103537
1.8 -0.6 -0.102439
1.8 -0.6 -0.101749
1.8 -0.6 -0.101355
1.8 -0.6 -0.101163
1.8 -0.6 -0.101123
1.8 -0.6 -0.101279
1.8 -0.6 -0.101863
1.8 -0.3 -0.114481
1.8 -0.3 -0.113742
1.8 -0.3 -0.113291
1.8 -0.3 -0.112764
1.8 -0.3 -0.11194
1.8 -0.3 -0.11066
1.8 -0.3 -0.108821
1.8 -0.3 -0.106406
1.8 -0.3 -0.103517
1.8 -0.3 -0.100366
1.8 -0.3 -0.0972334
1.8 -0.3 -0.0943919
1.8 -0.3 -0.0920397
1.8 -0.3 -0.0902622
1.8 -0.3 -0.0890359
1.8 -0.3 -0.0882644
1.8 -0.3 -0.0878244
1.8 -0.3 -0.0876079
1.8 -0.3 -0.0875558
1.8 -0.3 -0.0877038
1.8 -0.3 -0.0882774
1.8 0 -0.10179
1.8 0 -0.101055
1.8 0 -0.100602
1.8 0 -0.100065
1.8 0 -0.0992232
1.8 0 -0.0979149
1.8 0 -0.0960347
1.8 0 -0.0935668
1.8 0 -0.0906147
1.8 0 -0.0873959
1.8 0 -0.0841961
1.8 0 -0.0812943
1.8 0 -0.0788925
1.8 0 -0.0770778
1.8 0 -0.075826
1.8 0 -0.0750384
1.8 0 -0.0745891
1.8 0 -0.0743675
1.8 0 -0.0743125
1.8 0 -0.0744569
1.8 0 -0.0750227
1.8 0.3 -0.0882091
1.8 0.3 -0.0874904
1.8 0.3 -0.0870563
1.8 0.3 -0.0865523
1.8 0.3 -0.0857665
1.8 0.3 -0.084546
1.8 0.3 -0.0827917
1.8 0.3 -0.0804888
1.8 0.3 -0.0777332
1.8 0.3 -0.0747279
1.8 0.3 -0.0717393
1.8 0.3 -0.0690281
1.8 0.3 -0.0667836
1.8 0.3 -0.0650872
1.8 0.3 -0.0639169
1.8 0.3 -0.0631806
1.8 0.3 -0.0627608
1.8 0.3 -0.0625544
1.8 0.3 -0.0625061
1.8 0.3 -0.0626518
1.8 0.3 -0.0632128
1.8 0.6 -0.0749645
1.8 0.6 -0.0742706
1.8 0.6 -0.0738735
1.8 0.6 -0.0734356
1.8 0.6 -0.0727632
1.8 0.6 -0.0717214
1.8 0.6 -0.0702243
1.8 0.6 -0.0682581
1.8 0.6 -0.0659039
1.8 0.6 -0.0633344
1.8 0.6 -0.0607773
1.8 0.6 -0.0584559
1.8 0.6 -0.0565329
1.8 0.6 -0.0550788
1.8 0.6 -0.0540753
1.8 0.6 -0.0534439
1.8 0.6 -0.0530843
1.8 0.6 -0.0529094
1.8 0.6 -0.0528758
1.8 0.6 -0.0530267
1.8 0.6 -0.053586
1.8 0.9 -0.0631674
1.8 0.9 -0.0625021
1.8 0.9 -0.0621511
1.8 0.9 -0.0617966
1.8 0.9 -0.0612678
1.8 0.9 -0.0604527
1.8 0.9 -0.0592816
1.8 0.9 -0.0577429
1.8 0.9 -0.055899
1.8 0.9 -0.0538845
1.8 0.9 -0.0518778
1.8 0.9 -0.0500543
1.8 0.9 -0.0485424
1.8 0.9 -0.0473985
1.8 0.9 -0.0466087
1.8 0.9 -0.0461117
1.8 0.9 -0.0458294
1.8 0.9 -0.045695
1.8 0.9 -0.0456805
1.8 0.9 -0.0458389
1.8 0.9 -0.0463989
1.8 1.2 -0.0535536
1.8 1.2 -0.052916
1.8 1.2 -0.0526111
1.8 1.2 -0.0523409
1.8 1.2 -0.0519573
1.8 1.2 -0.0513715
1.8 1.2 -0.050531
1.8 1.2 -0.049426
1.8 1.2 -0.0481008
1.8 1.2 -0.0466515
1.8 1.2 -0.0452063
1.8 1.2 -0.0438917
1.8 1.2 -0.0428009
1.8 1.2 -0.0419749
1.8 1.2 -0.0414044
1.8 1.2 -0.0410455
1.8 1.2 -0.0408426
1.8 1.2 -0.0407498
1.8 1.2 -0.0407551
1.8 1.2 -0.0409218
1.8 1.2 -0.0414837
1.8 1.5 -0.0463785
1.8 1.5 -0.0457642
1.8 1.5 -0.045499
1.8 1.5 -0.0453016
1.8 1.5 -0.0450438
1.8 1.5 -0.0446568
1.8 1.5 -0.0441028
1.8 1.5 -0.0433745
1.8 1.5 -0.0425004
1.8 1.5 -0.0415436
1.8 1.5 -0.0405886
1.8 1.5 -0.0397192
1.8 1.5 -0.0389972
1.8 1.5 -0.0384502
1.8 1.5 -0.0380722
1.8 1.5 -0.0378347
1.8 1.5 -0.0377015
1.8 1.5 -0.0376453
1.8 1.5 -0.0376681
1.8 1.5 -0.0378422
1.8 1.5 -0.0384066
1.8 1.8 -0.0414755
1.8 1.8 -0.0408787
1.8 1.8 -0.0406436
1.8 1.8 -0.0405018
1.8 1.8 -0.0403397
1.8 1.8 -0.0401043
1.8 1.8 -0.0397692
1.8 1.8 -0.0393287
1.8 1.8 -0.0387998
1.8 1.8 -0.0382205
1.8 1.8 -0.0376418
1.8 1.8 -0.0371147
1.8 1.8 -0.0366767
1.8 1.8 -0.0363446
1.8 1.8 -0.0361152
1.8 1.8 -0.0359713
1.8 1.8 -0.035892
1.8 1.8 -0.0358641
1.8 1.8 -0.0359004
1.8 1.8 -0.0360804
1.8 1.8 -0.0366471
1.8 2.1 -0.0384184
1.8 2.1 -0.0378334
1.8 2.1 -0.0376187
1.8 2.1 -0.0375146
1.8 2.1 -0.0374178
1.8 2.1 -0.0372856
1.8 2.1 -0.0370994
1.8 2.1 -0.0368552
1.8 2.1 -0.0365618
1.8 2.1 -0.0362404
1.8 2.1 -0.0359192
1.8 2.1 -0.0356264
1.8 2.1 -0.035383
1.8 2.1 -0.0351985
1.8 2.1 -0.0350711
1.8 2.1 -0.0349915
1.8 2.1 -0.0349491
1.8 2.1 -0.0349406
1.8 2.1 -0.0349863
1.8 2.1 -0.0351703
1.8 2.1 -0.0357387
1.8 2.4 -0.0367133
1.8 2.4 -0.0361352
1.8 2.4 -0.0359331
1.8 2.4 -0.035852
1.8 2.4 -0.0357951
1.8 2.4 -0.035726
1.8 2.4 -0.0356311
1.8 2.4 -0.0355069
1.8 2.4 -0.0353579
1.8 2.4 -0.0351946
1.8 2.4 -0.0350314
1.8 2.4 -0.0348826
1.8 2.4 -0.0347588
1.8 2.4 -0.034665
1.8 2.4 -0.0346002
1.8 2.4 -0.0345602
1.8 2.4 -0.0345406
1.8 2.4 -0.0345441
1.8 2.4 -0.0345954
1.8 2.4 -0.0347821
1.8 2.4 -0.0353516
1.8 2.7 -0.0359721
1.8 2.7 -0.0353979
1.8 2.7 -0.0352026
1.8 2.7 -0.0351342
1.8 2.7 -0.0350993
1.8 2.7 -0.035065
1.8 2.7 -0.0350204
1.8 2.7 -0.0349626
1.8 2.7 -0.0348933
1.8 2.7 -0.0348174
1.8 2.7 -0.0347415
1.8 2.7 -0.0346722
1.8 2.7 -0.0346147
1.8 2.7 -0.034571
1.8 2.7 -0.034541
1.8 2.7 -0.0345229
1.8 2.7 -0.0345159
1.8 2.7 -0.034526
1.8 2.7 -0.0345805
1.8 2.7 -0.0347686
1.8 2.7 -0.0353389
1.8 3 -0.0360747
1.8 3 -0.0355021
1.8 3 -0.0353101
1.8 3 -0.0352481
1.8 3 -0.0352241
1.8 3 -0.0352072
1.8 3 -0.0351877
1.8 3 -0.035163
1.8 3 -0.0351335
1.8 3 -0.0351012
1.8 3 -0.0350689
1.8 3 -0.0350394
1.8 3 -0.0350149
1.8 3 -0.0349964
1.8 3 -0.0349837
1.8 3 -0.0349765
1.8 3 -0.0349759
1.8 3 -0.0349893
1.8 3 -0.0350454
1.8 3 -0.0352343
1.8 3 -0.0358053
2.1 -3 -0.0742531
2.1 -3 -0.07366
2.1 -3 -0.073462
2.1 -3 -0.0733997
2.1 -3 -0.0733784
2.1 -3 -0.0733666
2.1 -3 -0.0733545
2.1 -3 -0.0733396
2.1 -3 -0.0733219
2.1 -3 -0.0733026
2.1 -3 -0.0732832
2.1 -3 -0.0732656
2.1 -3 -0.0732509
2.1 -3 -0.0732398
2.1 -3 -0.0732323
2.1 -3 -0.0732284
2.1 -3 -0.0732297
2.1 -3 -0.0732447
2.1 -3 -0.0733035
2.1 -3 -0.0734996
2.1 -3 -0.0740917
2.1 -2.7 -0.0735973
2.1 -2.7 -0.0730035
2.1 -2.7 -0.0728037
2.1 -2.7 -0.0727376
2.1 -2.7 -0.0727098
2.1 -2.7 -0.0726876
2.1 -2.7 -0.0726605
2.1 -2.7 -0.0726258
2.1 -2.7 -0.0725843
2.1 -2.7 -0.0725389
2.1 -2.7 -0.0724934
2.1 -2.7 -0.072452
2.1 -2.7 -0.0724175
2.1 -2.7 -0.0723914
2.1 -2.7 -0.0723736
2.1 -2.7 -0.0723631
2.1 -2.7 -0.0723607
2.1 -2.7 -0.0723737
2.1 -2.7 -0.0724314
2.1 -2.7 -0.0726269
2.1 -2.7 -0.0732184
2.1 -2.4 -0.0732786
2.1 -2.4 -0.072683
2.1 -2.4 -0.0724792
2.1 -2.4 -0.0724057
2.1 -2.4 -0.0723647
2.1 -2.4 -0.0723217
2.1 -2.4 -0.0722646
2.1 -2.4 -0.0721904
2.1 -2.4 -0.0721014
2.1 -2.4 -0.0720038
2.1 -2.4 -0.0719063
2.1 -2.4 -0.0718173
2.1 -2.4 -0.0717434
2.1 -2.4 -0.0716873
2.1 -2.4 -0.0716487
2.1 -2.4 -0.0716252
2.1 -2.4 -0.0716152
2.1 -2.4 -0.0716242
2.1 -2.4 -0.0716801
2.1 -2.4 -0.0718746
2.1 -2.4 -0.0724651
2.1 -2.1 -0.0729511
2.1 -2.1 -0.072352
2.1 -2.1 -0.0721411
2.1 -2.1 -0.072054
2.1 -2.1 -0.0719894
2.1 -2.1 -0.071909
2.1 -2.1 -0.0717979
2.1 -2.1 -0.0716524
2.1 -2.1 -0.0714778
2.1 -2.1 -0.0712864
2.1 -2.1 -0.0710952
2.1 -2.1 -0.0709208
2.1 -2.1 -0.0707758
2.1 -2.1 -0.0706658
2.1 -2.1 -0.07059
2.1 -2.1 -0.0705429
2.1 -2.1 -0.0705194
2.1 -2.1 -0.0705213
2.1 -2.1 -0.0705737
2.1 -2.1 -0.0707664
2.1 -2.1 -0.0713556
2.1 -1.8 -0.0723796
2.1 -1.8 -0.0717749
2.1 -1.8 -0.0715525
2.1 -1.8 -0.0714433
2.1 -1.8 -0.0713406
2.1 -1.8 -0.0711998
2.1 -1.8 -0.0710013
2.1 -1.8 -0.0707408
2.1 -1.8 -0.070428
2.1 -1.8 -0.0700852
2.1 -1.8 -0.0697427
2.1 -1.8 -0.0694305
2.1 -1.8 -0.0691709
2.1 -1.8 -0.0689742
2.1 -1.8 -0.0688383
2.1 -1.8 -0.0687534
2.1 -1.8 -0.0687081
2.1 -1.8 -0.0686985
2.1 -1.8 -0.0687452
2.1 -1.8 -0.0689351
2.1 -1.8 -0.0695219
2.1 -1.5 -0.071322
2.1 -1.5 -0.0707094
2.1 -1.5 -0.0704704
2.1 -1.5 -0.0703296
2.1 -1.5 -0.0701719
2.1 -1.5 -0.069944
2.1 -1.5 -0.0696198
2.1 -1.5 -0.0691938
2.1 -1.5 -0.0686822
2.1 -1.5 -0.0681218
2.1 -1.5 -0.0675621
2.1 -1.5 -0.0670521
2.1 -1.5 -0.0666283
2.1 -1.5 -0.0663071
2.1 -1.5 -0.0660851
2.1 -1.5 -0.0659459
2.1 -1.5 -0.0658694
2.1 -1.5 -0.0658434
2.1 -1.5 -0.065882
2.1 -1.5 -0.0660678
2.1 -1.5 -0.0666512
2.1 -1.2 -0.069498
2.1 -1.2 -0.0688757
2.1 -1.2 -0.0686157
2.1 -1.2 -0.0684348
2.1 -1.2 -0.0682074
2.1 -1.2 -0.067869
2.1 -1.2 -0.0673854
2.1 -1.2 -0.0667495
2.1 -1.2 -0.0659862
2.1 -1.2 -0.0651505
2.1 -1.2 -0.0643161
2.1 -1.2 -0.0635564
2.1 -1.2 -0.0629252
2.1 -1.2 -0.062447
2.1 -1.2 -0.0621166
2.1 -1.2 -0.061909
2.1 -1.2 -0.0617931
2.1 -1.2 -0.0617463
2.1 -1.2 -0.0617748
2.1 -1.2 -0.0619553
2.1 -1.2 -0.0625341
2.1 -0.9 -0.0666246
2.1 -0.9 -0.0659921
2.1 -0.9 -0.0657092
2.1 -0.9 -0.0654843
2.1 -0.9 -0.0651804
2.1 -0.9 -0.0647209
2.1 -0.9 -0.0640626
2.1 -0.9 -0.0631969
2.1 -0.9 -0.0621582
2.1 -0.9 -0.0610217
2.1 -0.9 -0.0598875
2.1 -0.9 -0.0588553
2.1 -0.9 -0.0579983
2.1 -0.9 -0.0573492
2.1 -0.9 -0.0569008
2.1 -0.9 -0.0566188
2.1 -0.9 -0.0564601
2.1 -0.9 -0.0563907
2.1 -0.9 -0.0564081
2.1 -0.9 -0.0565827
2.1 -0.9 -0.057156
2.1 -0.6 -0.0625022
2.1 -0.6 -0.0618612
2.1 -0.6 -0.0615578
2.1 -0.6 -0.0612929
2.1 -0.6 -0.0609193
2.1 -0.6 -0.0603496
2.1 -0.6 -0.0595322
2.1 -0.6 -0.0584576
2.1 -0.6 -0.0571688
2.1 -0.6 -0.0557591
2.1 -0.6 -0.0543533
2.1 -0.6 -0.0530744
2.1 -0.6 -0.0520131
2.1 -0.6 -0.0512094
2.1 -0.6 -0.0506543
2.1 -0.6 -0.0503051
2.1 -0.6 -0.0501078
2.1 -0.6 -0.0500181
2.1 -0.6 -0.0500253
2.1 -0.6 -0.0501943
2.1 -0.6 -0.0507617
2.1 -0.3 -0.05712
2.1 -0.3 -0.0564747
2.1 -0.3 -0.0561578
2.1 -0.3 -0.0558658
2.1 -0.3 -0.0554449
2.1 -0.3 -0.0548001
2.1 -0.3 -0.0538746
2.1 -0.3 -0.052658
2.1 -0.3 -0.0511992
2.1 -0.3 -0.0496043
2.1 -0.3 -0.0480142
2.1 -0.3 -0.0465683
2.1 -0.3 -0.0453687
2.1 -0.3 -0.0444606
2.1 -0.3 -0.0438334
2.1 -0.3 -0.0434388
2.1 -0.3 -0.0432153
2.1 -0.3 -0.0431118
2.1 -0.3 -0.043112
2.1 -0.3 -0.0432767
2.1 -0.3 -0.0438388
2.1 0 -0.0507246
2.1 0 -0.0500807
2.1 0 -0.0497608
2.1 0 -0.0494614
2.1 0 -0.0490271
2.1 0 -0.048361
2.1 0 -0.0474047
2.1 0 -0.0461478
2.1 0 -0.0446407
2.1 0 -0.0429933
2.1 0 -0.041351
2.1 0 -0.0398578
2.1 0 -0.0386191
2.1 0 -0.0376814
2.1 0 -0.0370338
2.1 0 -0.0366264
2.1 0 -0.0363955
2.1 0 -0.036288
2.1 0 -0.036286
2.1 0 -0.0364487
2.1 0 -0.0370065
2.1 0.3 -0.0438038
2.1 0.3 -0.0431674
2.1 0.3 -0.042856
2.1 0.3 -0.0425706
2.1 0.3 -0.04216
2.1 0.3 -0.0415313
2.1 0.3 -0.0406289
2.1 0.3 -0.0394427
2.1 0.3 -0.0380202
2.1 0.3 -0.036465
2.1 0.3 -0.0349145
2.1 0.3 -0.0335045
2.1 0.3 -0.0323346
2.1 0.3 -0.031449
2.1 0.3 -0.0308373
2.1 0.3 -0.0304525
2.1 0.3 -0.0302346
2.1 0.3 -0.0301338
2.1 0.3 -0.0301348
2.1 0.3 -0.0302978
2.1 0.3 -0.030853
2.1 0.6 -0.0369763
2.1 0.6 -0.0363521
2.1 0.6 -0.0360585
2.1 0.6 -0.0358048
2.1 0.6 -0.0354486
2.1 0.6 -0.0349058
2.1 0.6 -0.0341271
2.1 0.6 -0.0331034
2.1 0.6 -0.0318755
2.1 0.6 -0.0305325
2.1 0.6 -0.0291929
2.1 0.6 -0.0279743
2.1 0.6 -0.026963
2.1 0.6 -0.0261971
2.1 0.6 -0.0256681
2.1 0.6 -0.0253354
2.1 0.6 -0.0251474
2.1 0.6 -0.0250623
2.1 0.6 -0.0250705
2.1 0.6 -0.025236
2.1 0.6 -0.0257902
2.1 0.9 -0.0308292
2.1 0.9 -0.0302194
2.1 0.9 -0.0299489
2.1 0.9 -0.0297369
2.1 0.9 -0.0294525
2.1 0.9 -0.0290232
2.1 0.9 -0.0284082
2.1 0.9 -0.0275996
2.1 0.9 -0.0266292
2.1 0.9 -0.0255674
2.1 0.9 -0.0245078
2.1 0.9 -0.0235433
2.1 0.9 -0.0227425
2.1 0.9 -0.0221359
2.1 0.9 -0.0217168
2.1 0.9 -0.0214533
2.1 0.9 -0.0213051
2.1 0.9 -0.0212409
2.1 0.9 -0.021259
2.1 0.9 -0.0214284
2.1 0.9 -0.0219829
2.1 1.2 -0.0257733
2.1 1.2 -0.0251777
2.1 1.2 -0.0249308
2.1 1.2 -0.0247621
2.1 1.2 -0.0245522
2.1 1.2 -0.0242408
2.1 1.2 -0.0237958
2.1 1.2 -0.0232108
2.1 1.2 -0.0225085
2.1 1.2 -0.0217396
2.1 1.2 -0.0209718
2.1 1.2 -0.0202726
2.1 1.2 -0.0196918
2.1 1.2 -0.0192517
2.1 1.2 -0.0189476
2.1 1.2 -0.0187566
2.1 1.2 -0.01865
2.1 1.2 -0.0186076
2.1 1.2 -0.0186361
2.1 1.2 -0.0188099
2.1 1.2 -0.0193654
2.1 1.5 -0.0219725
2.1 1.5 -0.0213892
2.1 1.5 -0.021163
2.1 1.5 -0.0210323
2.1 1.5 -0.0208881
2.1 1.5 -0.0206805
2.1 1.5 -0.0203855
2.1 1.5 -0.0199977
2.1 1.5 -0.0195321
2.1 1.5 -0.0190221
2.1 1.5 -0.0185126
2.1 1.5 -0.0180484
2.1 1.5 -0.0176627
2.1 1.5 -0.0173702
2.1 1.5 -0.0171682
2.1 1.5 -0.0170415
2.1 1.5 -0.016972
2.1 1.5 -0.0169491
2.1 1.5 -0.0169868
2.1 1.5 -0.0171645
2.1 1.5 -0.0177214
2.1 1.8 -0.0193632
2.1 1.8 -0.0187891
2.1 1.8 -0.0185789
2.1 1.8 -0.0184775
2.1 1.8 -0.0183839
2.1 1.8 -0.0182564
2.1 1.8 -0.018077
2.1 1.8 -0.0178416
2.1 1.8 -0.0175589
2.1 1.8 -0.0172492
2.1 1.8 -0.0169396
2.1 1.8 -0.0166575
2.1 1.8 -0.0164229
2.1 1.8 -0.0162451
2.1 1.8 -0.0161223
2.1 1.8 -0.0160456
2.1 1.8 -0.0160049
2.1 1.8 -0.015997
2.1 1.8 -0.016042
2.1 1.8 -0.0162228
2.1 1.8 -0.0167808
2.1 2.1 -0.0177365
2.1 2.1 -0.0171686
2.1 2.1 -0.0169693
2.1 2.1 -0.016888
2.1 2.1 -0.0168291
2.1 2.1 -0.0167566
2.1 2.1 -0.0166565
2.1 2.1 -0.0165256
2.1 2.1 -0.0163685
2.1 2.1 -0.0161963
2.1 2.1 -0.0160242
2.1 2.1 -0.0158673
2.1 2.1 -0.0157368
2.1 2.1 -0.0156379
2.1 2.1 -0.0155696
2.1 2.1 -0.0155273
2.1 2.1 -0.0155064
2.1 2.1 -0.0155089
2.1 2.1 -0.0155589
2.1 2.1 -0.0157419
2.1 2.1 -0.0163009
2.1 2.4 -0.0168489
2.1 2.4 -0.0162848
2.1 2.4 -0.0160921
2.1 2.4 -0.0160231
2.1 2.4 -0.0159855
2.1 2.4 -0.0159467
2.1 2.4 -0.0158954
2.1 2.4 -0.0158288
2.1 2.4 -0.0157489
2.1 2.4 -0.0156613
2.1 2.4 -0.0155738
2.1 2.4 -0.0154939
2.1 2.4 -0.0154275
2.1 2.4 -0.0153772
2.1 2.4 -0.0153426
2.1 2.4 -0.0153215
2.1 2.4 -0.0153128
2.1 2.4 -0.0153217
2.1 2.4 -0.0153747
2.1 2.4 -0.0155591
2.1 2.4 -0.0161187
2.1 2.7 -0.0165359
2.1 2.7 -0.0159737
2.1 2.7 -0.0157847
2.1 2.7 -0.0157225
2.1 2.7 -0.0156967
2.1 2.7 -0.0156766
2.1 2.7 -0.0156522
2.1 2.7 -0.0156211
2.1 2.7 -0.0155839
2.1 2.7 -0.0155432
2.1 2.7 -0.0155025
2.1 2.7 -0.0154653
2.1 2.7 -0.0154344
2.1 2.7 -0.015411
2.1 2.7 -0.015395
2.1 2.7 -0.0153857
2.1 2.7 -0.0153837
2.1 2.7 -0.0153962
2.1 2.7 -0.015451
2.1 2.7 -0.0156361
2.1 2.7 -0.0161962
2.1 3 -0.0168451
2.1 3 -0.0162837
2.1 3 -0.0160964
2.1 3 -0.0160376
2.1 3 -0.0160177
2.1 3 -0.0160069
2.1 3 -0.015996
2.1 3 -0.0159826
2.1 3 -0.0159668
2.1 3 -0.0159494
2.1 3 -0.0159321
2.1 3 -0.0159163
2.1 3 -0.0159032
2.1 3 -0.0158932
2.1 3 -0.0158865
2.1 3 -0.0158831
2.1 3 -0.0158845
2.1 3 -0.0158987
2.1 3 -0.0159544
2.1 3 -0.01614
2.1 3 -0.0167005
2.4 -3 -0.035805
2.4 -3 -0.0352335
2.4 -3 -0.0350434
2.4 -3 -0.0349847
2.4 -3 -0.0349665
2.4 -3 -0.0349589
2.4 -3 -0.0349527
2.4 -3 -0.0349455
2.4 -3 -0.0349371
2.4 -3 -0.034928
2.4 -3 -0.0349188
2.4 -3 -0.0349105
2.4 -3 -0.0349035
2.4 -3 -0.0348983
2.4 -3 -0.0348948
2.4 -3 -0.0348935
2.4 -3 -0.0348961
2.4 -3 -0.0349113
2.4 -3 -0.0349683
2.4 -3 -0.0351576
2.4 -3 -0.0357287
2.4 -2.7 -0.0352038
2.4 -2.7 -0.0346321
2.4 -2.7 -0.0344412
2.4 -2.7 -0.0343807
2.4 -2.7 -0.0343595
2.4 -2.7 -0.0343469
2.4 -2.7 -0.0343336
2.4 -2.7 -0.0343171
2.4 -2.7 -0.0342974
2.4 -2.7 -0.0342759
2.4 -2.7 -0.0342544
2.4 -2.7 -0.0342348
2.4 -2.7 -0.0342185
2.4 -2.7 -0.0342061
2.4 -2.7 -0.0341978
2.4 -2.7 -0.0341933
2.4 -2.7 -0.0341942
2.4 -2.7 -0.0342084
2.4 -2.7 -0.0342649
2.4 -2.7 -0.0344538
2.4 -2.7 -0.0350244
2.4 -2.4 -0.0349565
2.4 -2.4 -0.034384
2.4 -2.4 -0.0341912
2.4 -2.4 -0.0341272
2.4 -2.4 -0.0340998
2.4 -2.4 -0.0340774
2.4 -2.4 -0.0340498
2.4 -2.4 -0.0340146
2.4 -2.4 -0.0339724
2.4 -2.4 -0.0339262
2.4 -2.4 -0.03388
2.4 -2.4 -0.0338379
2.4 -2.4 -0.0338029
2.4 -2.4 -0.0337763
2.4 -2.4 -0.0337581
2.4 -2.4 -0.0337475
2.4 -2.4 -0.0337448
2.4 -2.4 -0.0337571
2.4 -2.4 -0.0338127
2.4 -2.4 -0.0340011
2.4 -2.4 -0.0345713
2.4 -2.1 -0.0347723
2.4 -2.1 -0.0341981
2.4 -2.1 -0.0340019
2.4 -2.1 -0.0339315
2.4 -2.1 -0.0338929
2.4 -2.1 -0.0338528
2.4 -2.1 -0.0337996
2.4 -2.1 -0.0337306
2.4 -2.1 -0.0336479
2.4 -2.1 -0.0335572
2.4 -2.1 -0.0334665
2.4 -2.1 -0.0333839
2.4 -2.1 -0.0333151
2.4 -2.1 -0.033263
2.4 -2.1 -0.0332271
2.4 -2.1 -0.0332053
2.4 -2.1 -0.0331962
2.4 -2.1 -0.0332051
2.4 -2.1 -0.0332591
2.4 -2.1 -0.0334467
2.4 -2.1 -0.0340161
2.4 -1.8 -0.0344935
2.4 -1.8 -0.0339167
2.4 -1.8 -0.033715
2.4 -1.8 -0.0336342
2.4 -1.8 -0.0335774
2.4 -1.8 -0.0335087
2.4 -1.8 -0.0334141
2.4 -1.8 -0.0332905
2.4 -1.8 -0.0331421
2.4 -1.8 -0.0329795
2.4 -1.8 -0.032817
2.4 -1.8 -0.0326688
2.4 -1.8 -0.0325456
2.4 -1.8 -0.0324521
2.4 -1.8 -0.0323877
2.4 -1.8 -0.0323478
2.4 -1.8 -0.0323283
2.4 -1.8 -0.0323318
2.4 -1.8 -0.0323831
2.4 -1.8 -0.0325693
2.4 -1.8 -0.0331376
2.4 -1.5 -0.0339901
2.4 -1.5 -0.0334096
2.4 -1.5 -0.0332
2.4 -1.5 -0.0331041
2.4 -1.5 -0.0330213
2.4 -1.5 -0.0329111
2.4 -1.5 -0.0327568
2.4 -1.5 -0.0325544
2.4 -1.5 -0.0323114
2.4 -1.5 -0.0320451
2.4 -1.5 -0.031779
2.4 -1.5 -0.0315364
2.4 -1.5 -0.0313347
2.4 -1.5 -0.0311818
2.4 -1.5 -0.0310762
2.4 -1.5 -0.0310103
2.4 -1.5 -0.0309759
2.4 -1.5 -0.0309715
2.4 -1.5 -0.0310189
2.4 -1.5 -0.0312032
2.4 -1.5 -0.0317699
2.4 -1.2 -0.0331238
2.4 -1.2 -0.0325386
2.4 -1.2 -0.0323191
2.4 -1.2 -0.032204
2.4 -1.2 -0.0320879
2.4 -1.2 -0.031925
2.4 -1.2 -0.0316946
2.4 -1.2 -0.0313919
2.4 -1.2 -0.0310284
2.4 -1.2 -0.0306302
2.4 -1.2 -0.0302324
2.4 -1.2 -0.0298697
2.4 -1.2 -0.0295684
2.4 -1.2 -0.0293399
2.4 -1.2 -0.029182
2.4 -1.2 -0.0290832
2.4 -1.2 -0.0290298
2.4 -1.2 -0.0290155
2.4 -1.2 -0.029058
2.4 -1.2 -0.0292397
2.4 -1.2 -0.0298042
2.4 -0.9 -0.0317566
2.4 -0.9 -0.0311665
2.4 -0.9 -0.030936
2.4 -0.9 -0.0307999
2.4 -0.9 -0.030647
2.4 -0.9 -0.0304259
2.4 -0.9 -0.0301114
2.4 -0.9 -0.029698
2.4 -0.9 -0.0292017
2.4 -0.9 -0.0286581
2.4 -0.9 -0.028115
2.4 -0.9 -0.0276203
2.4 -0.9 -0.0272091
2.4 -0.9 -0.0268975
2.4 -0.9 -0.0266822
2.4 -0.9 -0.0265472
2.4 -0.9 -0.0264729
2.4 -0.9 -0.0264475
2.4 -0.9 -0.0264846
2.4 -0.9 -0.0266634
2.4 -0.9 -0.0272252
2.4 -0.6 -0.0297888
2.4 -0.6 -0.0291946
2.4 -0.6 -0.028954
2.4 -0.6 -0.0287984
2.4 -0.6 -0.0286117
2.4 -0.6 -0.0283369
2.4 -0.6 -0.0279449
2.4 -0.6 -0.0274295
2.4 -0.6 -0.0268108
2.4 -0.6 -0.0261332
2.4 -0.6 -0.0254566
2.4 -0.6 -0.0248403
2.4 -0.6 -0.0243282
2.4 -0.6 -0.0239402
2.4 -0.6 -0.023672
2.4 -0.6 -0.0235037
2.4 -0.6 -0.0234102
2.4 -0.6 -0.0233748
2.4 -0.6 -0.0234068
2.4 -0.6 -0.0235829
2.4 -0.6 -0.0241419
2.4 -0.3 -0.0272079
2.4 -0.3 -0.0266115
2.4 -0.3 -0.0263642
2.4 -0.3 -0.0261951
2.4 -0.3 -0.0259847
2.4 -0.3 -0.0256724
2.4 -0.3 -0.0252261
2.4 -0.3 -0.0246395
2.4 -0.3 -0.0239352
2.4 -0.3 -0.0231641
2.4 -0.3 -0.0223942
2.4 -0.3 -0.0216931
2.4 -0.3 -0.0211107
2.4 -0.3 -0.0206693
2.4 -0.3 -0.0203644
2.4 -0.3 -0.0201728
2.4 -0.3 -0.020066
2.4 -0.3 -0.0200234
2.4 -0.3 -0.020052
2.4 -0.3 -0.0202259
2.4 -0.3 -0.0207822
2.4 0 -0.0241239
2.4 0 -0.023528
2.4 0 -0.0232789
2.4 0 -0.0231055
2.4 0 -0.0228874
2.4 0 -0.0225628
2.4 0 -0.0220989
2.4 0 -0.021489
2.4 0 -0.0207569
2.4 0 -0.0199554
2.4 0 -0.0191551
2.4 0 -0.0184263
2.4 0 -0.017821
2.4 0 -0.0173623
2.4 0 -0.0170454
2.4 0 -0.0168463
2.4 0 -0.0167351
2.4 0 -0.0166902
2.4 0 -0.0167175
2.4 0 -0.0168903
2.4 0 -0.0174445
2.4 0.3 -0.0207652
2.4 0.3 -0.0201726
2.4 0.3 -0.0199273
2.4 0.3 -0.0197599
2.4 0.3 -0.019552
2.4 0.3 -0.0192436
2.4 0.3 -0.0188029
2.4 0.3 -0.0182236
2.4 0.3 -0.0175281
2.4 0.3 -0.0167667
2.4 0.3 -0.0160064
2.4 0.3 -0.0153139
2.4 0.3 -0.0147388
2.4 0.3 -0.0143029
2.4 0.3 -0.0140018
2.4 0.3 -0.0138126
2.4 0.3 -0.0137071
2.4 0.3 -0.0136652
2.4 0.3 -0.0136937
2.4 0.3 -0.0138666
2.4 0.3 -0.0144195
2.4 0.6 -0.0174297
2.4 0.6 -0.016843
2.4 0.6 -0.0166059
2.4 0.6 -0.0164534
2.4 0.6 -0.0162709
2.4 0.6 -0.0160026
2.4 0.6 -0.0156199
2.4 0.6 -0.0151169
2.4 0.6 -0.0145129
2.4 0.6 -0.0138514
2.4 0.6 -0.0131909
2.4 0.6 -0.0125892
2.4 0.6 -0.0120893
2.4 0.6 -0.0117105
2.4 0.6 -0.0114487
2.4 0.6 -0.0112844
2.4 0.6 -0.0111932
2.4 0.6 -0.0111587
2.4 0.6 -0.0111907
2.4 0.6 -0.0113648
2.4 0.6 -0.0119172
2.4 0.9 -0.0144078
2.4 0.9 -0.013828
2.4 0.9 -0.0136021
2.4 0.9 -0.0134695
2.4 0.9 -0.0133215
2.4 0.9 -0.0131077
2.4 0.9 -0.0128036
2.4 0.9 -0.0124041
2.4 0.9 -0.0119243
2.4 0.9 -0.0113987
2.4 0.9 -0.0108738
2.4 0.9 -0.0103954
2.4 0.9 -0.00999797
2.4 0.9 -0.00969669
2.4 0.9 -0.00948852
2.4 0.9 -0.00935799
2.4 0.9 -0.00928624
2.4 0.9 -0.00926196
2.4 0.9 -0.00929876
2.4 0.9 -0.00947477
2.4 0.9 -0.0100272
2.4 1.2 -0.0119089
2.4 1.2 -0.011336
2.4 1.2 -0.0111216
2.4 1.2 -0.0110101
2.4 1.2 -0.0108984
2.4 1.2 -0.0107421
2.4 1.2 -0.0105209
2.4 1.2 -0.0102305
2.4 1.2 -0.00988184
2.4 1.2 -0.00949981
2.4 1.2 -0.00911806
2.4 1.2 -0.00877016
2.4 1.2 -0.00848099
2.4 1.2 -0.00826178
2.4 1.2 -0.00811033
2.4 1.2 -0.00801557
2.4 1.2 -0.00796441
2.4 1.2 -0.00795092
2.4 1.2 -0.00799285
2.4 1.2 -0.00817099
2.4 1.2 -0.00872397
2.4 1.5 -0.0100226
2.4 1.5 -0.00945582
2.4 1.5 -0.00925159
2.4 1.5 -0.0091588
2.4 1.5 -0.00907939
2.4 1.5 -0.00897418
2.4 1.5 -0.0088269
2.4 1.5 -0.00863379
2.4 1.5 -0.00840191
2.4 1.5 -0.00814781
2.4 1.5 -0.00789385
2.4 1.5 -0.00766235
2.4 1.5 -0.00746988
2.4 1.5 -0.00732397
2.4 1.5 -0.0072232
2.4 1.5 -0.0071604
2.4 1.5 -0.00712763
2.4 1.5 -0.0071238
2.4 1.5 -0.00717034
2.4 1.5 -0.00735045
2.4 1.5 -0.00790407
2.4 1.8 -0.00872526
2.4 1.8 -0.00816301
2.4 1.8 -0.00796666
2.4 1.8 -0.00788839
2.4 1.8 -0.00783407
2.4 1.8 -0.00776857
2.4 1.8 -0.00767865
2.4 1.8 -0.00756112
2.4 1.8 -0.00742005
2.4 1.8 -0.00726544
2.4 1.8 -0.00711089
2.4 1.8 -0.00696998
2.4 1.8 -0.00685281
2.4 1.8 -0.00676398
2.4 1.8 -0.0067027
2.4 1.8 -0.00666481
2.4 1.8 -0.00664637
2.4 1.8 -0.00665006
2.4 1.8 -0.0067002
2.4 1.8 -0.00688187
2.4 1.8 -0.00743609
2.4 2.1 -0.00792124
2.4 2.1 -0.00736209
2.4 2.1 -0.00717116
2.4 2.1 -0.00710288
2.4 2.1 -0.00706582
2.4 2.1 -0.00702766
2.4 2.1 -0.00697724
2.4 2.1 -0.00691177
2.4 2.1 -0.00683326
2.4 2.1 -0.00674722
2.4 2.1 -0.00666119
2.4 2.1 -0.00658276
2.4 2.1 -0.00651753
2.4 2.1 -0.00646809
2.4 2.1 -0.00643406
2.4 2.1 -0.00641335
2.4 2.1 -0.00640481
2.4 2.1 -0.00641369
2.4 2.1 -0.00646632
2.4 2.1 -0.00664909
2.4 2.1 -0.00720378
2.4 2.4 -0.00750545
2.4 2.4 -0.00694816
2.4 2.4 -0.00676055
2.4 2.4 -0.00669842
2.4 2.4 -0.00667199
2.4 2.4 -0.00665067
2.4 2.4 -0.00662457
2.4 2.4 -0.00659117
2.4 2.4 -0.0065512
2.4 2.4 -0.00650741
2.4 2.4 -0.00646363
2.4 2.4 -0.00642371
2.4 2.4 -0.00639051
2.4 2.4 -0.00636537
2.4 2.4 -0.00634813
2.4 2.4 -0.00633803
2.4 2.4 -0.00633559
2.4 2.4 -0.00634768
2.4 2.4 -0.00640185
2.4 2.4 -0.00658531
2.4 2.4 -0.00714032
2.4 2.7 -0.00744029
2.4 2.7 -0.00688395
2.4 2.7 -0.00669814
2.4 2.7 -0.0066394
2.4 2.7 -0.00661886
2.4 2.7 -0.00660686
2.4 2.7 -0.00659424
2.4 2.7 -0.00657859
2.4 2.7 -0.00655998
2.4 2.7 -0.0065396
2.4 2.7 -0.00651922
2.4 2.7 -0.00650064
2.4 2.7 -0.0064852
2.4 2.7 -0.00647351
2.4 2.7 -0.00646559
2.4 2.7 -0.00646137
2.4 2.7 -0.00646231
2.4 2.7 -0.00647618
2.4 2.7 -0.00653121
2.4 2.7 -0.00671509
2.4 2.7 -0.00727037
2.4 3 -0.0078703
2.4 3 -0.00731417
2.4 3 -0.00712918
2.4 3 -0.00707212
2.4 3 -0.00705451
2.4 3 -0.00704717
2.4 3 -0.00704128
2.4 3 -0.00703451
2.4 3 -0.00702657
2.4 3 -0.00701789
2.4 3 -0.00700921
2.4 3 -0.00700131
2.4 3 -0.00699473
2.4 3 -0.00698978
2.4 3 -0.00698652
2.4 3 -0.00698523
2.4 3 -0.00698787
2.4 3 -0.00700263
2.4 3 -0.00705812
2.4 3 -0.00724229
2.4 3 -0.00779797
2.7 -3 -0.0167005
2.7 -3 -0.0161396
2.7 -3 -0.0159534
2.7 -3 -0.0158965
2.7 -3 -0.0158799
2.7 -3 -0.0158743
2.7 -3 -0.0158711
2.7 -3 -0.0158678
2.7 -3 -0.015864
2.7 -3 -0.0158599
2.7 -3 -0.0158558
2.7 -3 -0.015852
2.7 -3 -0.0158489
2.7 -3 -0.0158466
2.7 -3 -0.0158451
2.7 -3 -0.015845
2.7 -3 -0.0158483
2.7 -3 -0.0158636
2.7 -3 -0.0159197
2.7 -3 -0.0161056
2.7 -3 -0.0166662
2.7 -2.7 -0.0161263
2.7 -2.7 -0.0155656
2.7 -2.7 -0.015379
2.7 -2.7 -0.0153214
2.7 -2.7 -0.0153034
2.7 -2.7 -0.0152956
2.7 -2.7 -0.0152892
2.7 -2.7 -0.0152817
2.7 -2.7 -0.0152728
2.7 -2.7 -0.0152632
2.7 -2.7 -0.0152535
2.7 -2.7 -0.0152447
2.7 -2.7 -0.0152374
2.7 -2.7 -0.0152319
2.7 -2.7 -0.0152283
2.7 -2.7 -0.0152268
2.7 -2.7 -0.0152293
2.7 -2.7 -0.0152441
2.7 -2.7 -0.0153
2.7 -2.7 -0.0154857
2.7 -2.7 -0.0160459
2.7 -2.4 -0.0159145
2.7 -2.4 -0.0153534
2.7 -2.4 -0.015166
2.7 -2.4 -0.0151068
2.7 -2.4 -0.015086
2.7 -2.4 -0.0150739
2.7 -2.4 -0.015061
2.7 -2.4 -0.0150451
2.7 -2.4 -0.0150262
2.7 -2.4 -0.0150055
2.7 -2.4 -0.0149847
2.7 -2.4 -0.0149659
2.7 -2.4 -0.0149501
2.7 -2.4 -0.0149383
2.7 -2.4 -0.0149302
2.7 -2.4 -0.0149259
2.7 -2.4 -0.0149268
2.7 -2.4 -0.0149408
2.7 -2.4 -0.0149963
2.7 -2.4 -0.0151817
2.7 -2.4 -0.0157417
2.7 -2.1 -0.0158012
2.7 -2.1 -0.0152395
2.7 -2.1 -0.0150506
2.7 -2.1 -0.0149885
2.7 -2.1 -0.0149627
2.7 -2.1 -0.0149426
2.7 -2.1 -0.0149183
2.7 -2.1 -0.0148872
2.7 -2.1 -0.0148501
2.7 -2.1 -0.0148094
2.7 -2.1 -0.0147687
2.7 -2.1 -0.0147316
2.7 -2.1 -0.0147008
2.7 -2.1 -0.0146774
2.7 -2.1 -0.0146614
2.7 -2.1 -0.0146521
2.7 -2.1 -0.0146502
2.7 -2.1 -0.0146626
2.7 -2.1 -0.0147174
2.7 -2.1 -0.0149024
2.7 -2.1 -0.015462
2.7 -1.8 -0.0156678
2.7 -1.8 -0.0151048
2.7 -1.8 -0.0149135
2.7 -1.8 -0.0148467
2.7 -1.8 -0.0148128
2.7 -1.8 -0.0147798
2.7 -1.8 -0.0147369
2.7 -1.8 -0.0146813
2.7 -1.8 -0.0146147
2.7 -1.8 -0.0145417
2.7 -1.8 -0.0144688
2.7 -1.8 -0.0144022
2.7 -1.8 -0.0143469
2.7 -1.8 -0.014305
2.7 -1.8 -0.0142761
2.7 -1.8 -0.0142587
2.7 -1.8 -0.0142521
2.7 -1.8 -0.0142621
2.7 -1.8 -0.0143156
2.7 -1.8 -0.0145
2.7 -1.8 -0.0150592
2.7 -1.5 -0.0154398
2.7 -1.5 -0.0148752
2.7 -1.5 -0.0146803
2.7 -1.5 -0.0146067
2.7 -1.5 -0.0145611
2.7 -1.5 -0.0145095
2.7 -1.5 -0.0144397
2.7 -1.5 -0.0143488
2.7 -1.5 -0.0142396
2.7 -1.5 -0.01412
2.7 -1.5 -0.0140004
2.7 -1.5 -0.0138913
2.7 -1.5 -0.0138006
2.7 -1.5 -0.0137319
2.7 -1.5 -0.0136845
2.7 -1.5 -0.0136554
2.7 -1.5 -0.013642
2.7 -1.5 -0.0136485
2.7 -1.5 -0.0137003
2.7 -1.5 -0.0138838
2.7 -1.5 -0.0144422
2.7 -1.2 -0.0150503
2.7 -1.2 -0.0144836
2.7 -1.2 -0.0142842
2.7 -1.2 -0.0142021
2.7 -1.2 -0.0141415
2.7 -1.2 -0.0140661
2.7 -1.2 -0.0139621
2.7 -1.2 -0.0138259
2.7 -1.2 -0.0136624
2.7 -1.2 -0.0134833
2.7 -1.2 -0.0133042
2.7 -1.2 -0.0131409
2.7 -1.2 -0.0130052
2.7 -1.2 -0.0129023
2.7 -1.2 -0.0128313
2.7 -1.2 -0.0127872
2.7 -1.2 -0.0127653
2.7 -1.2 -0.0127672
2.7 -1.2 -0.0128168
2.7 -1.2 -0.0129992
2.7 -1.2 -0.0135565
2.7 -0.9 -0.0144356
2.7 -0.9 -0.0138667
2.7 -0.9 -0.0136624
2.7 -0.9 -0.0135707
2.7 -0.9 -0.0134935
2.7 -0.9 -0.0133919
2.7 -0.9 -0.0132498
2.7 -0.9 -0.0130635
2.7 -0.9 -0.0128399
2.7 -0.9 -0.0125948
2.7 -0.9 -0.0123499
2.7 -0.9 -0.0121266
2.7 -0.9 -0.011941
2.7 -0.9 -0.0118003
2.7 -0.9 -0.0117031
2.7 -0.9 -0.0116425
2.7 -0.9 -0.0116111
2.7 -0.9 -0.011608
2.7 -0.9 -0.0116551
2.7 -0.9 -0.0118362
2.7 -0.9 -0.0123924
2.7 -0.6 -0.0135495
2.7 -0.6 -0.0129787
2.7 -0.6 -0.0127698
2.7 -0.6 -0.0126692
2.7 -0.6 -0.0125766
2.7 -0.6 -0.0124506
2.7 -0.6 -0.0122732
2.7 -0.6 -0.0120405
2.7 -0.6 -0.011761
2.7 -0.6 -0.0114548
2.7 -0.6 -0.0111488
2.7 -0.6 -0.0108698
2.7 -0.6 -0.010638
2.7 -0.6 -0.0104622
2.7 -0.6 -0.0103407
2.7 -0.6 -0.0102649
2.7 -0.6 -0.0102247
2.7 -0.6 -0.0102169
2.7 -0.6 -0.0102617
2.7 -0.6 -0.0104415
2.7 -0.6 -0.0109964
2.7 -0.3 -0.0123845
2.7 -0.3 -0.0118127
2.7 -0.3 -0.0116007
2.7 -0.3 -0.0114939
2.7 -0.3 -0.0113904
2.7 -0.3 -0.011247
2.7 -0.3 -0.0110446
2.7 -0.3 -0.0107789
2.7 -0.3 -0.0104599
2.7 -0.3 -0.0101103
2.7 -0.3 -0.009761
2.7 -0.3 -0.00944263
2.7 -0.3 -0.00917799
2.7 -0.3 -0.00897736
2.7 -0.3 -0.00883877
2.7 -0.3 -0.00875211
2.7 -0.3 -0.00870562
2.7 -0.3 -0.00869459
2.7 -0.3 -0.00873774
2.7 -0.3 -0.00891656
2.7 -0.3 -0.00947023
2.7 0 -0.0109883
2.7 0 -0.0104166
2.7 0 -0.0102037
2.7 0 -0.0100948
2.7 0 -0.0099875
2.7 0 -0.00983813
2.7 0 -0.00962706
2.7 0 -0.00934995
2.7 0 -0.00901717
2.7 0 -0.00865256
2.7 0 -0.00828822
2.7 0 -0.00795617
2.7 0 -0.00768016
2.7 0 -0.00747093
2.7 0 -0.00732638
2.7 0 -0.00723597
2.7 0 -0.00718731
2.7 0 -0.00717512
2.7 0 -0.00721764
2.7 0 -0.00739593
2.7 0 -0.00794863
2.7 0.3 -0.00946247
2.7 0.3 -0.00889233
2.7 0.3 -0.008681
2.7 0.3 -0.00857465
2.7 0.3 -0.00847167
2.7 0.3 -0.00832913
2.7 0.3 -0.00812791
2.7 0.3 -0.00786376
2.7 0.3 -0.00754655
2.7 0.3 -0.007199
2.7 0.3 -0.00685169
2.7 0.3 -0.00653515
2.7 0.3 -0.00627203
2.7 0.3 -0.00607256
2.7 0.3 -0.00593477
2.7 0.3 -0.00584861
2.7 0.3 -0.00580239
2.7 0.3 -0.00579147
2.7 0.3 -0.00583454
2.7 0.3 -0.00601286
2.7 0.3 -0.00656494
2.7 0.6 -0.00794188
2.7 0.6 -0.00737431
2.7 0.6 -0.00716671
2.7 0.6 -0.00706694
2.7 0.6 -0.00697527
2.7 0.6 -0.0068506
2.7 0.6 -0.00667519
2.7 0.6 -0.00644503
2.7 0.6 -0.00616865
2.7 0.6 -0.0058658
2.7 0.6 -0.00556313
2.7 0.6 -0.00528727
2.7 0.6 -0.00505794
2.7 0.6 -0.00488408
2.7 0.6 -0.00476399
2.7 0.6 -0.004689
2.7 0.6 -0.00464921
2.7 0.6 -0.00464165
2.7 0.6 -0.00468628
2.7 0.6 -0.00486512
2.7 0.6 -0.00541696
2.7 0.9 -0.0065596
2.7 0.9 -0.00599518
2.7 0.9 -0.00579257
2.7 0.9 -0.00570183
2.7 0.9 -0.00562571
2.7 0.9 -0.00552564
2.7 0.9 -0.00538575
2.7 0.9 -0.00520239
2.7 0.9 -0.00498221
2.7 0.9 -0.00474094
2.7 0.9 -0.00449978
2.7 0.9 -0.00427995
2.7 0.9 -0.00409719
2.7 0.9 -0.00395863
2.7 0.9 -0.00386295
2.7 0.9 -0.00380335
2.7 0.9 -0.00377242
2.7 0.9 -0.0037695
2.7 0.9 -0.00381632
2.7 0.9 -0.00399603
2.7 0.9 -0.00454791
2.7 1.2 -0.00541326
2.7 1.2 -0.00485202
2.7 1.2 -0.00465465
2.7 1.2 -0.00457349
2.7 1.2 -0.00451389
2.7 1.2 -0.00443997
2.7 1.2 -0.00433785
2.7 1.2 -0.00420426
2.7 1.2 -0.00404388
2.7 1.2 -0.00386811
2.7 1.2 -0.00369242
2.7 1.2 -0.00353223
2.7 1.2 -0.00339905
2.7 1.2 -0.00329807
2.7 1.2 -0.00322839
2.7 1.2 -0.0031852
2.7 1.2 -0.0031637
2.7 1.2 -0.00316573
2.7 1.2 -0.0032149
2.7 1.2 -0.00339559
2.7 1.2 -0.0039477
2.7 1.5 -0.00454638
2.7 1.5 -0.00398789
2.7 1.5 -0.00379519
2.7 1.5 -0.00372259
2.7 1.5 -0.00367778
2.7 1.5 -0.00362726
2.7 1.5 -0.00355896
2.7 1.5 -0.00346993
2.7 1.5 -0.0033631
2.7 1.5 -0.00324602
2.7 1.5 -0.00312897
2.7 1.5 -0.00302225
2.7 1.5 -0.0029335
2.7 1.5 -0.00286623
2.7 1.5 -0.00281985
2.7 1.5 -0.00279136
2.7 1.5 -0.00277832
2.7 1.5 -0.0027848
2.7 1.5 -0.00283609
2.7 1.5 -0.00301768
2.7 1.5 -0.00357009
2.7 1.8 -0.00395086
2.7 1.8 -0.00339447
2.7 1.8 -0.00320539
2.7 1.8 -0.00313947
2.7 1.8 -0.00310618
2.7 1.8 -0.0030739
2.7 1.8 -0.00303197
2.7 1.8 -0.00297768
2.7 1.8 -0.0029126
2.7 1.8 -0.00284129
2.7 1.8 -0.00277
2.7 1.8 -0.00270499
2.7 1.8 -0.00265093
2.7 1.8 -0.00260995
2.7 1.8 -0.00258177
2.7 1.8 -0.00256476
2.7 1.8 -0.00255833
2.7 1.8 -0.00256827
2.7 1.8 -0.00262122
2.7 1.8 -0.00280354
2.7 1.8 -0.00335623
2.7 2.1 -0.00358835
2.7 2.1 -0.00303338
2.7 2.1 -0.00284679
2.7 2.1 -0.00278547
2.7 2.1 -0.00276013
2.7 2.1 -0.00274044
2.7 2.1 -0.0027167
2.7 2.1 -0.00268639
2.7 2.1 -0.00265014
2.7 2.1 -0.00261043
2.7 2.1 -0.00257073
2.7 2.1 -0.00253452
2.7 2.1 -0.00250442
2.7 2.1 -0.00248162
2.7 2.1 -0.002466
2.7 2.1 -0.00245692
2.7 2.1 -0.00245506
2.7 2.1 -0.0024674
2.7 2.1 -0.0025215
2.7 2.1 -0.00270432
2.7 2.1 -0.00325722
2.7 2.4 -0.00342632
2.7 2.4 -0.00287219
2.7 2.4 -0.00268713
2.7 2.4 -0.00262864
2.7 2.4 -0.00260821
2.7 2.4 -0.00259628
2.7 2.4 -0.00258376
2.7 2.4 -0.00256824
2.7 2.4 -0.00254977
2.7 2.4 -0.00252955
2.7 2.4 -0.00250934
2.7 2.4 -0.00249091
2.7 2.4 -0.00247558
2.7 2.4 -0.00246399
2.7 2.4 -0.00245613
2.7 2.4 -0.00245195
2.7 2.4 -0.0024529
2.7 2.4 -0.00246672
2.7 2.4 -0.00252153
2.7 2.4 -0.00270468
2.7 2.4 -0.00325775
2.7 2.7 -0.00349476
2.7 2.7 -0.00294102
2.7 2.7 -0.00275677
2.7 2.7 -0.00269984
2.7 2.7 -0.00268212
2.7 2.7 -0.0026745
2.7 2.7 -0.00266819
2.7 2.7 -0.00266087
2.7 2.7 -0.00265226
2.7 2.7 -0.00264284
2.7 2.7 -0.00263343
2.7 2.7 -0.00262486
2.7 2.7 -0.00261773
2.7 2.7 -0.00261235
2.7 2.7 -0.00260879
2.7 2.7 -0.00260732
2.7 2.7 -0.00260983
2.7 2.7 -0.00262448
2.7 2.7 -0.0026797
2.7 2.7 -0.00286305
2.7 2.7 -0.00341631
2.7 3 -0.00399034
2.7 3 -0.00343653
2.7 3 -0.00325261
2.7 3 -0.00319643
2.7 3 -0.00318006
2.7 3 -0.00317459
2.7 3 -0.00317139
2.7 3 -0.00316817
2.7 3 -0.00316448
2.7 3 -0.00316047
2.7 3 -0.00315646
2.7 3 -0.00315281
2.7 3 -0.00314978
2.7 3 -0.00314751
2.7 3 -0.0031461
2.7 3 -0.00314599
2.7 3 -0.00314929
2.7 3 -0.00316435
2.7 3 -0.0032198
2.7 3 -0.00340334
2.7 3 -0.00395694
3 -3 -0.00779793
3 -3 -0.00724211
3 -3 -0.00705767
3 -3 -0.00700161
3 -3 -0.00698576
3 -3 -0.00698118
3 -3 -0.0069793
3 -3 -0.00697781
3 -3 -0.00697621
3 -3 -0.00697449
3 -3 -0.00697277
3 -3 -0.00697121
3 -3 -0.00696991
3 -3 -0.00696896
3 -3 -0.00696846
3 -3 -0.00696893
3 -3 -0.00697257
3 -3 -0.00698786
3 -3 -0.00704361
3 -3 -0.00722789
3 -3 -0.00778362
3 -2.7 -0.00723655
3 -2.7 -0.00668095
3 -2.7 -0.00649644
3 -2.7 -0.00644008
3 -2.7 -0.00642365
3 -2.7 -0.00641816
3 -2.7 -0.00641494
3 -2.7 -0.0064117
3 -2.7 -0.00640798
3 -2.7 -0.00640395
3 -2.7 -0.00639991
3 -2.7 -0.00639624
3 -2.7 -0.00639319
3 -2.7 -0.0063909
3 -2.7 -0.00638949
3 -2.7 -0.00638937
3 -2.7 -0.00639268
3 -2.7 -0.00640778
3 -2.7 -0.00646341
3 -2.7 -0.00664755
3 -2.7 -0.00720294
3 -2.4 -0.0070414
3 -2.4 -0.00648573
3 -2.4 -0.0063009
3 -2.4 -0.00624388
3 -2.4 -0.00622629
3 -2.4 -0.00621895
3 -2.4 -0.00621308
3 -2.4 -0.00620632
3 -2.4 -0.00619839
3 -2.4 -0.00618972
3 -2.4 -0.00618106
3 -2.4 -0.00617317
3 -2.4 -0.00616661
3 -2.4 -0.00616166
3 -2.4 -0.0061584
3 -2.4 -0.00615712
3 -2.4 -0.00615976
3 -2.4 -0.00617451
3 -2.4 -0.00622995
3 -2.4 -0.00641397
3 -2.4 -0.00696919
3 -2.1 -0.00696182
3 -2.1 -0.00640587
3 -2.1 -0.00622041
3 -2.1 -0.00616218
3 -2.1 -0.0061425
3 -2.1 -0.00613184
3 -2.1 -0.00612116
3 -2.1 -0.00610808
3 -2.1 -0.00609253
3 -2.1 -0.00607553
3 -2.1 -0.00605852
3 -2.1 -0.00604302
3 -2.1 -0.00603013
3 -2.1 -0.00602038
3 -2.1 -0.0060138
3 -2.1 -0.00601043
3 -2.1 -0.00601186
3 -2.1 -0.00602597
3 -2.1 -0.00608111
3 -2.1 -0.00626495
3 -2.1 -0.00682002
3 -1.8 -0.0068971
3 -1.8 -0.00634067
3 -1.8 -0.00615418
3 -1.8 -0.006094
3 -1.8 -0.00607093
3 -1.8 -0.00605489
3 -1.8 -0.00603643
3 -1.8 -0.0060131
3 -1.8 -0.00598523
3 -1.8 -0.00595472
3 -1.8 -0.0059242
3 -1.8 -0.00589638
3 -1.8 -0.00587325
3 -1.8 -0.00585573
3 -1.8 -0.00584377
3 -1.8 -0.00583701
3 -1.8 -0.00583648
3 -1.8 -0.00584957
3 -1.8 -0.0059042
3 -1.8 -0.00608779
3 -1.8 -0.00664264
3 -1.5 -0.00679955
3 -1.5 -0.00624241
3 -1.5 -0.00605444
3 -1.5 -0.00599144
3 -1.5 -0.00596346
3 -1.5 -0.00593964
3 -1.5 -0.00590995
3 -1.5 -0.0058718
3 -1.5 -0.00582612
3 -1.5 -0.00577608
3 -1.5 -0.00572604
3 -1.5 -0.00568042
3 -1.5 -0.00564248
3 -1.5 -0.00561373
3 -1.5 -0.00559401
3 -1.5 -0.00558234
3 -1.5 -0.00557899
3 -1.5 -0.00559059
3 -1.5 -0.00564449
3 -1.5 -0.00582771
3 -1.5 -0.00638225
3 -1.2 -0.00663618
3 -1.2 -0.00607816
3 -1.2 -0.00588831
3 -1.2 -0.0058217
3 -1.2 -0.00578745
3 -1.2 -0.0057537
3 -1.2 -0.00570964
3 -1.2 -0.00565256
3 -1.2 -0.00558413
3 -1.2 -0.00550913
3 -1.2 -0.00543416
3 -1.2 -0.0053658
3 -1.2 -0.00530895
3 -1.2 -0.00526586
3 -1.2 -0.00523621
3 -1.2 -0.00521828
3 -1.2 -0.00521133
3 -1.2 -0.00522103
3 -1.2 -0.005274
3 -1.2 -0.00545674
3 -1.2 -0.00601086
3 -0.9 -0.00637888
3 -0.9 -0.00581994
3 -0.9 -0.00562801
3 -0.9 -0.0055574
3 -0.9 -0.00551618
3 -0.9 -0.0054714
3 -0.9 -0.00541139
3 -0.9 -0.00533329
3 -0.9 -0.0052396
3 -0.9 -0.00513692
3 -0.9 -0.00503426
3 -0.9 -0.00494066
3 -0.9 -0.00486283
3 -0.9 -0.00480383
3 -0.9 -0.00476317
3 -0.9 -0.0047383
3 -0.9 -0.00472734
3 -0.9 -0.00473494
3 -0.9 -0.00478687
3 -0.9 -0.00496905
3 -0.9 -0.00552267
3 -0.6 -0.00600777
3 -0.6 -0.00544803
3 -0.6 -0.00525419
3 -0.6 -0.00517986
3 -0.6 -0.00513216
3 -0.6 -0.0050771
3 -0.6 -0.00500224
3 -0.6 -0.00490456
3 -0.6 -0.00478734
3 -0.6 -0.00465887
3 -0.6 -0.00453044
3 -0.6 -0.00441334
3 -0.6 -0.00431597
3 -0.6 -0.00424215
3 -0.6 -0.00419125
3 -0.6 -0.00415991
3 -0.6 -0.00414523
3 -0.6 -0.00415086
3 -0.6 -0.00420182
3 -0.6 -0.00438347
3 -0.6 -0.00493654
3 -0.3 -0.00551935
3 -0.3 -0.00495917
3 -0.3 -0.004764
3 -0.3 -0.00468703
3 -0.3 -0.00463471
3 -0.3 -0.0045723
3 -0.3 -0.00448684
3 -0.3 -0.00437519
3 -0.3 -0.00424117
3 -0.3 -0.0040943
3 -0.3 -0.00394747
3 -0.3 -0.0038136
3 -0.3 -0.00370229
3 -0.3 -0.00361791
3 -0.3 -0.00355969
3 -0.3 -0.00352374
3 -0.3 -0.0035064
3 -0.3 -0.00351063
3 -0.3 -0.00356088
3 -0.3 -0.00374211
3 -0.3 -0.00429466
3 0 -0.00493311
3 0 -0.004373
3 0 -0.00417743
3 0 -0.00409954
3 0 -0.00404557
3 0 -0.00398054
3 0 -0.00389129
3 0 -0.00377465
3 0 -0.00363463
3 0 -0.00348118
3 0 -0.00332779
3 0 -0.00318794
3 0 -0.00307165
3 0 -0.00298349
3 0 -0.00292266
3 0 -0.00288506
3 0 -0.00286678
3 0 -0.00287049
3 0 -0.00292047
3 0 -0.00310147
3 0 -0.00365361
3 0.3 -0.0042914
3 0.3 -0.00373191
3 0.3 -0.00353699
3 0.3 -0.00346014
3 0.3 -0.00340792
3 0.3 -0.00334567
3 0.3 -0.00326041
3 0.3 -0.00314903
3 0.3 -0.00301534
3 0.3 -0.00286882
3 0.3 -0.00272236
3 0.3 -0.00258882
3 0.3 -0.00247778
3 0.3 -0.0023936
3 0.3 -0.00233553
3 0.3 -0.00229966
3 0.3 -0.00228237
3 0.3 -0.00228661
3 0.3 -0.0023368
3 0.3 -0.00251781
3 0.3 -0.00306969
3 0.6 -0.00365077
3 0.6 -0.00309236
3 0.6 -0.00289899
3 0.6 -0.00282488
3 0.6 -0.00277737
3 0.6 -0.00272255
3 0.6 -0.00264804
3 0.6 -0.00255082
3 0.6 -0.00243414
3 0.6 -0.00230628
3 0.6 -0.00217844
3 0.6 -0.00206189
3 0.6 -0.00196498
3 0.6 -0.00189151
3 0.6 -0.00184085
3 0.6 -0.00180965
3 0.6 -0.00179505
3 0.6 -0.00180069
3 0.6 -0.00185154
3 0.6 -0.00203277
3 0.6 -0.00258455
3 0.9 -0.00306746
3 0.9 -0.00251037
3 0.9 -0.0023191
3 0.9 -0.00224877
3 0.9 -0.00220778
3 0.9 -0.00216327
3 0.9 -0.00210366
3 0.9 -0.00202607
3 0.9 -0.00193299
3 0.9 -0.00183099
3 0.9 -0.001729
3 0.9 -0.00163602
3 0.9 -0.0015587
3 0.9 -0.00150008
3 0.9 -0.0014597
3 0.9 -0.00143499
3 0.9 -0.00142412
3 0.9 -0.00143171
3 0.9 -0.00148348
3 0.9 -0.00166508
3 0.9 -0.00221687
3 1.2 -0.00258311
3 1.2 -0.00202736
3 1.2 -0.00183829
3 1.2 -0.001772
3 1.2 -0.00173796
3 1.2 -0.00170446
3 1.2 -0.00166075
3 1.2 -0.00160413
3 1.2 -0.00153625
3 1.2 -0.00146186
3 1.2 -0.00138749
3 1.2 -0.00131967
3 1.2 -0.00126328
3 1.2 -0.00122054
3 1.2 -0.00119113
3 1.2 -0.00117335
3 1.2 -0.00116647
3 1.2 -0.00117615
3 1.2 -0.00122892
3 1.2 -0.00141092
3 1.2 -0.00196282
3 1.5 -0.00221685
3 1.5 -0.00166225
3 1.5 -0.00147516
3 1.5 -0.00141248
3 1.5 -0.00138468
3 1.5 -0.00136106
3 1.5 -0.00133163
3 1.5 -0.00129383
3 1.5 -0.00124857
3 1.5 -0.00119898
3 1.5 -0.0011494
3 1.5 -0.00110419
3 1.5 -0.00106659
3 1.5 -0.00103811
3 1.5 -0.00101856
3 1.5 -0.001007
3 1.5 -0.0010037
3 1.5 -0.00101527
3 1.5 -0.00106893
3 1.5 -0.00125132
3 1.5 -0.00180334
3 1.8 -0.0019669
3 1.8 -0.00141319
3 1.8 -0.00122763
3 1.8 -0.00116777
3 1.8 -0.00114484
3 1.8 -0.00112894
3 1.8 -0.00111066
3 1.8 -0.00108756
3 1.8 -0.00105996
3 1.8 -0.00102974
3 1.8 -0.000999529
3 1.8 -0.000971978
3 1.8 -0.00094907
3 1.8 -0.000931724
3 1.8 -0.000919886
3 1.8 -0.000913188
3 1.8 -0.000912687
3 1.8 -0.000925723
3 1.8 -0.000980089
3 1.8 -0.00116278
3 1.8 -0.00171492
3 2.1 -0.00182213
3 2.1 -0.00126903
3 2.1 -0.00108452
3 2.1 -0.0010266
3 2.1 -0.00100704
3 2.1 -0.000996473
3 2.1 -0.000985898
3 2.1 -0.000972945
3 2.1 -0.00095756
3 2.1 -0.000940725
3 2.1 -0.000923895
3 2.1 -0.000908549
3 2.1 -0.000895791
3 2.1 -0.000886144
3 2.1 -0.000879632
3 2.1 -0.000876296
3 2.1 -0.00087773
3 2.1 -0.000891782
3 2.1 -0.000946635
3 2.1 -0.00112955
3 2.1 -0.00168178
3 2.4 -0.00178541
3 2.4 -0.00123264
3 2.4 -0.00104877
3 2.4 -0.000992055
3 2.4 -0.00097457
3 2.4 -0.000967291
3 2.4 -0.000961469
3 2.4 -0.000954782
3 2.4 -0.000946932
3 2.4 -0.000938357
3 2.4 -0.000929788
3 2.4 -0.000921974
3 2.4 -0.000915481
3 2.4 -0.000910587
3 2.4 -0.000907363
3 2.4 -0.000906101
3 2.4 -0.00090873
3 2.4 -0.00092341
3 2.4 -0.000978567
3 2.4 -0.00116162
3 2.4 -0.00171395
3 2.7 -0.00191992
3 2.7 -0.00136725
3 2.7 -0.00118371
3 2.7 -0.00112765
3 2.7 -0.00111131
3 2.7 -0.00110586
3 2.7 -0.00110267
3 2.7 -0.00109946
3 2.7 -0.00109578
3 2.7 -0.00109179
3 2.7 -0.0010878
3 2.7 -0.00108416
3 2.7 -0.00108115
3 2.7 -0.00107889
3 2.7 -0.00107749
3 2.7 -0.00107737
3 2.7 -0.00108067
3 2.7 -0.0010957
3 2.7 -0.00115103
3 2.7 -0.00133419
3 2.7 -0.00188665
3 3 -0.0024481
3 3 -0.00189523
3 3 -0.00171177
3 3 -0.00165601
3 3 -0.00164024
3 3 -0.00163569
3 3 -0.00163383
3 3 -0.00163235
3 3 -0.00163077
3 3 -0.00162906
3 3 -0.00162736
3 3 -0.00162581
3 3 -0.00162453
3 3 -0.00162359
3 3 -0.0016231
3 3 -0.00162357
3 3 -0.00162719
3 3 -0.00164241
3 3 -0.00169785
3 3 -0.00188115
3 3 -0.00243394
