0 0 0
0.01 0.017305 -0.0299551
0.02 -0.0345174 -0.0596433
0.03 0.051549 -0.0888097
0.04 0.0683188 -0.117222
0.05 -0.0847567 -0.144679
0.06 -0.100805 0.171017
0.07 -0.116418 0.196109
0.08 -0.131565 0.219868
0.09 -0.146225 0.242242
0.1 -0.160389 0.263211
0.11 0.174058 -0.282779
0.12 0.187239 0.300974
0.13 0.199943 -0.317839
0.14 -0.212187 0.333427
0.15 -0.223992 -0.3478
0.16 -0.235377 -0.361025
0.17 -0.246366 -0.37317
0.18 0.256979 -0.384304
0.19 0.26724 -0.394493
0.2 -0.277168 0.403801
0.21 -0.286784 -0.41229
0.22 0.296108 -0.420018
0.23 -0.305158 0.427039
0.24 0.31395 -0.433403
0.25 0.3225 0.439159
0.26 -0.330824 0.444348
0.27 -0.338934 0.449011
0.28 -0.346844 -0.453185
0.29 -0.354566 0.456903
0.3 -0.36211 -0.460197
0.31 0.369486 -0.463095
0.32 0.376704 -0.465622
0.33 0.383773 0.467804
0.34 0.3907 0.469662
0.35 0.397493 0.471215
0.36 0.404158 0.472483
0.37 0.410703 0.473482
0.38 0.417133 0.474228
0.39 0.423453 0.474736
0.4 0.429669 0.475017
0.41 -0.435785 -0.475084
0.42 -0.441807 0.474949
0.43 -0.447737 -0.474621
0.44 -0.45358 0.47411
0.45 -0.45934 -0.473424
0.46 -0.46502 -0.472571
0.47 -0.470624 0.471559
0.48 -0.476153 0.470394
0.49 -0.481612 -0.469082
0.5 -0.487002 -0.467629
0.51 -0.492326 -0.466041
0.52 -0.497588 -0.464321
0.53 -0.502788 0.462475
0.54 -0.507929 0.460506
0.55 -0.513012 0.458418
0.56 0.518041 0.456214
0.57 -0.523016 0.453897
0.58 -0.52794 0.451471
0.59 -0.532814 0.448937
0.6 -0.537639 -0.446298
0.61 -0.542417 0.443556
0.62 0.547149 0.440712
0.63 -0.551837 0.437769
0.64 -0.556482 -0.434727
0.65 -0.561084 -0.431587
0.66 -0.565647 -0.428351
0.67 -0.570169 -0.425019
0.68 -0.574653 0.421592
0.69 -0.579099 -0.418069
0.7 -0.583509 -0.414452
0.71 -0.587882 -0.410741
0.72 -0.592221 -0.406934
0.73 -0.596526 0.403032
0.74 -0.600798 -0.399033
0.75 -0.605037 -0.394938
0.76 -0.609245 -0.390745
0.77 -0.613422 0.386453
0.78 -0.617568 -0.382061
0.79 -0.621685 0.377566
0.8 -0.625773 -0.372968
0.81 -0.629833 -0.368263
0.82 -0.633865 -0.363449
0.83 -0.63787 0.358524
0.84 -0.641848 0.353485
0.85 -0.645801 -0.348327
0.86 -0.649727 -0.343048
0.87 -0.653629 -0.337643
0.88 -0.657506 -0.332106
0.89 -0.66136 -0.326434
0.9 -0.665189 -0.32062
0.91 -0.668996 0.314657
0.92 0.67278 0.308538
0.93 -0.676541 0.302255
0.94 -0.680281 0.295798
0.95 -0.683999 0.289158
0.96 -0.687696 0.282323
0.97 -0.691372 0.275278
0.98 -0.695028 0.268009
0.99 0.698664 0.260499
1 -0.70228 0.252726
1.01 -0.705876 0.244667
1.02 -0.709454 -0.236294
1.03 -0.713013 0.227573
1.04 0.716553 0.218464
1.05 -0.720075 -0.208917
1.06 -0.72358 -0.19887
1.07 -0.727066 -0.188245
1.08 0.730536 0.176938
1.09 0.733988 0.16481
1.1 0.737424 0.151667
1.11 -0.740842 0.137217
1.12 -0.744245 0.120996
1.13 0.747632 0.102165
1.14 -0.751002 0.0788776
1.15 -0.754357 -0.0446368
1.16 -0.753753 8.65108e-19
