0 0 0
0.1 0.160389 0.950275
0.2 0.277168 0.862131
0.3 -0.36211 -0.782111
0.4 -0.429669 -0.712525
0.5 -0.487002 0.648801
0.6 -0.537639 0.587168
0.7 -0.583509 -0.524717
0.8 -0.625773 0.458677
0.9 -0.665189 0.385445
1 -0.70228 0.298333
1.1 0.737424 -0.176378
1.2 -0.738494 -6.79459e-18
1.3 -0.707518 7.84748e-17
1.4 -0.683829 -2.53835e-17
1.5 -0.665092 -4.95486e-17
1.6 0.649883 0
1.7 0.637279 0
1.8 -0.626658 1.58989e-32
1.9 6.06561e-17 0.402848
2 -3.10798e-17 0.412009
2.1 -6.34268e-17 0.419645
2.2 0.59683 0
2.3 0.591463 0
2.4 -5.68553e-32 0.436422
2.5 0.582347 0
2.6 0.578442 0
2.7 3.41003e-17 0.447554
2.8 0.571652 0
2.9 0.568682 0
3 -1.74014e-17 0.455452
3.1 -1.04989e-16 -0.457595
3.2 0.561091 0
3.3 -1.9435e-16 0.461332
3.4 0.556902 0
3.5 -1.78131e-16 0.464478
3.6 -5.36334e-17 0.465871
3.7 0.551598 0
3.8 0.550043 0
3.9 0.54858 0
4 1.08576e-16 0.470518
4.1 0.545897 0
4.2 1.09116e-16 0.472406
4.3 0.543495 0
4.4 0.542386 0
4.5 7.32104e-17 0.474831
4.6 -0.540331 0
4.7 2.20444e-16 0.476228
4.8 0.538465 0
4.9 0.537596 0
5 4.43039e-16 0.478059
5.1 0.53597 0
5.2 0.535209 0
5.3 0.53448 0
5.4 0.53378 0
5.5 -2.8805e-16 0.480563
5.6 0.532462 0
5.7 0.531841 0
5.8 0.531243 0
5.9 0.530668 0
6 8.40778e-17 0.48256
6.1 0.529578 0
6.2 1.49751e-16 -0.483249
6.3 0.528563 0
6.4 0.528081 0
6.5 0.527615 0
6.6 -1.4086e-16 0.484479
6.7 0.526729 0
6.8 0.526306 0
6.9 0.525897 0
7 0.525501 0
7.1 0.525116 0
7.2 0.524743 0
7.3 0.524381 0
7.4 0.524029 0
7.5 0.523687 0
7.6 0.523355 0
7.7 1.60785e-16 0.487091
7.8 0.522718 0
7.9 -3.78717e-17 0.487475
8 0.522115 0
8.1 -3.03276e-16 0.487837
