0 1 0
0.1 0 -0.263211
0.2 0 -0.403801
0.3 0 0.460197
0.4 0 0.475017
0.5 0 -0.467629
0.6 0 -0.446298
0.7 0 0.414452
0.8 0 -0.372968
0.9 0 -0.32062
1 0 -0.252726
1.1 0 0.151667
1.2 0 6.79459e-18
1.3 0 -5.23166e-17
1.4 0 5.07669e-17
1.5 0 4.95486e-17
1.6 0 0
1.7 -9.85446e-17 0
1.8 0 4.70733e-17
1.9 0 -0.369057
2 0 -0.379103
2.1 0 -0.387659
2.2 0 0
2.3 0 0
2.4 0 -0.407166
2.5 0 0
2.6 0 0
2.7 0 -0.420779
2.8 0 0
2.9 0 0
3 0 -0.430851
3.1 7.77072e-32 0.433654
3.2 0 0
3.3 0 -0.43862
3.4 0 0
3.5 0 -0.442886
3.6 0 -0.444802
3.7 0 0
3.8 0 0
3.9 0 0
4 0 -0.451321
4.1 0 0
4.2 -8.07619e-32 -0.454031
4.3 -6.54404e-16 0
4.4 0 0
4.5 0 -0.45757
4.6 6.5911e-16 0
4.7 0 -0.45964
4.8 0 0
4.9 0 0
5 0 -0.462389
5.1 0 0
5.2 0 0
5.3 0 0
5.4 0 0
5.5 0 -0.466221
5.6 0 0
5.7 0 0
5.8 0 0
5.9 0 0
6 0 -0.469341
6.1 0 0
6.2 -1.82882e-31 0.470433
6.3 0 0
6.4 0 0
6.5 0 0
6.6 0 -0.472399
6.7 0 0
6.8 0 0
6.9 0 0
7 0 0
7.1 0 0
7.2 0 0
7.3 0 0
7.4 0 0
7.5 0 0
7.6 0 0
7.7 0 -0.476662
7.8 0 0
7.9 0 -0.477299
8 -6.75845e-16 0
8.1 0 -0.477902
