-1.2 -0.0468638
-1.19 -0.0361693
-1.18 -0.0256727
-1.17 -0.0153739
-1.16 -0.00527286
-1.15 0.00463049
-1.14 0.0143362
-1.13 0.0238443
-1.12 0.033155
-1.11 0.0422681
-1.1 0.0511839
-1.09 0.0599024
-1.08 0.0684237
-1.07 0.0767477
-1.06 0.0848748
-1.05 0.0928047
-1.04 0.100538
-1.03 0.108074
-1.02 0.115414
-1.01 0.122556
-1 0.129503
-0.99 0.136253
-0.98 0.142806
-0.97 0.149164
-0.96 0.155325
-0.95 0.16129
-0.94 0.167059
-0.93 0.172633
-0.92 0.178011
-0.91 0.183193
-0.9 0.18818
-0.89 0.192972
-0.88 0.197569
-0.87 0.201972
-0.86 0.206179
-0.85 0.210192
-0.84 0.214011
-0.83 0.217635
-0.82 0.221066
-0.81 0.224303
-0.8 0.227347
-0.79 0.230197
-0.78 0.232854
-0.77 0.235319
-0.76 0.237591
-0.75 0.239672
-0.74 0.24156
-0.73 0.243257
-0.72 0.244762
-0.71 0.246077
-0.7 0.247201
-0.69 0.248136
-0.68 0.24888
-0.67 0.249436
-0.66 0.249803
-0.65 0.249981
-0.64 0.249972
-0.63 0.249775
-0.62 0.249392
-0.61 0.248823
-0.6 0.248069
-0.59 0.247129
-0.58 0.246006
-0.57 0.2447
-0.56 0.243212
-0.55 0.241542
-0.54 0.239691
-0.53 0.237661
-0.52 0.235453
-0.51 0.233068
-0.5 0.230506
-0.49 0.22777
-0.48 0.22486
-0.47 0.221779
-0.46 0.218528
-0.45 0.215108
-0.44 0.211522
-0.43 0.207771
-0.42 0.203858
-0.41 0.199786
-0.4 0.195556
-0.39 0.191171
-0.38 0.186635
-0.37 0.181951
-0.36 0.177123
-0.35 0.172153
-0.34 0.167048
-0.33 0.161811
-0.32 0.156447
-0.31 0.150961
-0.3 0.145361
-0.29 0.139653
-0.28 0.133844
-0.27 0.127941
-0.26 0.121955
-0.25 0.115895
-0.24 0.109771
-0.23 0.103596
-0.22 0.0973821
-0.21 0.0911449
-0.2 0.0849
-0.19 0.0786652
-0.18 0.0724599
-0.17 0.0663057
-0.16 0.0602262
-0.15 0.0542472
-0.14 0.0483969
-0.13 0.042706
-0.12 0.0372075
-0.11 0.0319367
-0.1 0.0269312
-0.09 0.0222302
-0.08 0.0178742
-0.07 0.0139044
-0.06 0.0103614
-0.05 0.00728459
-0.04 0.0047104
-0.03 0.0026713
-0.02 0.00119428
-0.01 0.000299641
9.74915e-16 0
0.01 0.000299641
0.02 0.00119428
0.03 0.0026713
0.04 0.0047104
0.05 0.00728459
0.06 0.0103614
0.07 0.0139044
0.08 0.0178742
0.09 0.0222302
0.1 0.0269312
0.11 0.0319367
0.12 0.0372075
0.13 0.042706
0.14 0.0483969
0.15 0.0542472
0.16 0.0602262
0.17 0.0663057
0.18 0.0724599
0.19 0.0786652
0.2 0.0849
0.21 0.0911449
0.22 0.0973821
0.23 0.103596
0.24 0.109771
0.25 0.115895
0.26 0.121955
0.27 0.127941
0.28 0.133844
0.29 0.139653
0.3 0.145361
0.31 0.150961
0.32 0.156447
0.33 0.161811
0.34 0.167048
0.35 0.172153
0.36 0.177123
0.37 0.181951
0.38 0.186635
0.39 0.191171
0.4 0.195556
0.41 0.199786
0.42 0.203858
0.43 0.207771
0.44 0.211522
0.45 0.215108
0.46 0.218528
0.47 0.221779
0.48 0.22486
0.49 0.22777
0.5 0.230506
0.51 0.233068
0.52 0.235453
0.53 0.237661
0.54 0.239691
0.55 0.241542
0.56 0.243212
0.57 0.2447
0.58 0.246006
0.59 0.247129
0.6 0.248069
0.61 0.248823
0.62 0.249392
0.63 0.249775
0.64 0.249972
0.65 0.249981
0.66 0.249803
0.67 0.249436
0.68 0.24888
0.69 0.248136
0.7 0.247201
0.71 0.246077
0.72 0.244762
0.73 0.243257
0.74 0.24156
0.75 0.239672
0.76 0.237591
0.77 0.235319
0.78 0.232854
0.79 0.230197
0.8 0.227347
0.81 0.224303
0.82 0.221066
0.83 0.217635
0.84 0.214011
0.85 0.210192
0.86 0.206179
0.87 0.201972
0.88 0.197569
0.89 0.192972
0.9 0.18818
0.91 0.183193
0.92 0.178011
0.93 0.172633
0.94 0.167059
0.95 0.16129
0.96 0.155325
0.97 0.149164
0.98 0.142806
0.99 0.136253
1 0.129503
1.01 0.122556
1.02 0.115414
1.03 0.108074
1.04 0.100538
1.05 0.0928047
1.06 0.0848748
1.07 0.0767477
1.08 0.0684237
1.09 0.0599024
1.1 0.0511839
1.11 0.0422681
1.12 0.033155
1.13 0.0238443
1.14 0.0143362
1.15 0.00463049
1.16 -0.00527286
1.17 -0.0153739
1.18 -0.0256727
1.19 -0.0361693
