-3.14 5.22432e-05
-3.04 9.69224e-05
-2.94 0.000176251
-2.84 0.000314163
-2.74 0.000548897
-2.64 0.000940029
-2.54 0.001578
-2.44 0.00259648
-2.34 0.00418772
-2.24 0.0066204
-2.14 0.010259
-2.04 0.0155826
-1.94 0.0232001
-1.84 0.0338573
-1.74 0.0484317
-1.64 0.0679081
-1.54 0.0933313
-1.44 0.125732
-1.34 0.166028
-1.24 0.214896
-1.14 0.272641
-1.04 0.339053
-0.94 0.413292
-0.84 0.493812
-0.74 0.578336
-0.64 0.663916
-0.54 0.747067
-0.44 0.823987
-0.34 0.890831
-0.24 0.944027
-0.14 0.980591
-0.04 0.998401
0.06 0.996406
0.16 0.974725
0.26 0.934634
0.36 0.878447
0.46 0.809288
0.56 0.730811
0.66 0.646876
0.76 0.561244
0.86 0.477305
0.96 0.397882
1.06 0.325107
1.16 0.260383
1.26 0.204416
1.36 0.1573
1.46 0.118647
1.56 0.0877205
1.66 0.0635709
1.76 0.0451575
1.86 0.0314423
1.96 0.0214592
2.06 0.0143558
2.16 0.0094136
2.26 0.00605059
2.36 0.003812
2.46 0.00235409
2.56 0.00142498
2.66 0.000845485
2.76 0.000491721
2.86 0.000280314
2.96 0.000156634
3.06 8.57907e-05
